"","age","HI"
"2186",1,27.4612649357956
"2187",1,50.4923225184279
"2188",1,29.843324035788
"2189",1,40.9258167608281
"2190",1,36.8903796767243
"2191",1,31.0519651686218
"2192",1,32.6418075916373
"2193",1,41.6958690536458
"2194",1,39.3235981228791
"2195",1,54.0514671372608
"2196",1,34.3528870563231
"2197",1,26.7181324475451
"2198",1,38.7697228820979
"2199",1,46.022373049201
"2200",1,72.8493429814409
"2201",1,31.4037501729852
"2202",1,32.9143936608978
"2203",1,48.6057905222114
"2204",1,54.8039690722737
"2205",1,29.3471456596832
"2206",1,45.4423449386894
"2207",1,30.320731585488
"2208",1,26.3460763696268
"2209",1,44.861397917542
"2210",1,38.0255451831624
"2211",1,41.6640864839982
"2212",1,30.1593727737825
"2213",1,63.6056944838042
"2214",1,45.452508756116
"2215",1,32.3799131078531
"2216",1,45.9854235780083
"2217",1,24.0290079136989
"2218",1,35.0751268366999
"2219",1,56.810385853428
"2220",1,34.4798543532782
"2221",1,49.0234797620839
"2222",1,34.098358736948
"2223",1,15.7590995370547
"2224",1,27.1331103231512
"2225",1,39.491573477862
"2226",1,57.5328936868981
"2227",1,30.0242370058287
"2228",1,40.176689842248
"2229",1,26.3210015057725
"2230",1,25.8342788245488
"2231",1,28.1455479067698
"2232",1,56.2414147891181
"2233",1,49.4712161847539
"2234",1,44.4461268273926
"2235",1,52.1611697488365
"2236",1,31.8302794384834
"2237",1,46.802499461429
"2238",1,39.3242412137259
"2239",1,25.5300321922018
"2240",1,27.6133052424325
"2241",1,37.3281766159045
"2242",1,39.2732856127933
"2243",1,32.9703274506267
"2244",1,26.021669210387
"2245",1,17.1429624701115
"2246",1,42.1434808017147
"2247",1,33.2635707018236
"2248",1,43.8290150285788
"2249",1,21.2202341873817
"2250",1,23.68643083257
"2251",1,35.3858788675408
"2252",1,22.3170719679792
"2253",1,17.8993094490752
"2254",1,47.1509881951207
"2255",1,48.8796512997298
"2256",1,25.7080668908163
"2257",1,33.5261320053954
"2258",1,24.7514503934638
"2259",1,40.7029244273095
"2260",1,36.3591031559619
"2261",1,27.2376260780708
"2262",1,28.1764674128773
"2263",1,25.4097971678946
"2264",1,42.2930178184044
"2265",1,44.1311822010369
"2266",1,41.4934049842991
"2267",1,27.4971827466518
"2268",1,19.3423096641141
"2269",1,43.5772817570996
"2270",1,34.6164529206264
"2271",1,36.2423073785564
"2272",1,50.8684646990505
"2273",1,27.0042062161288
"2274",1,52.6095072516514
"2275",1,31.953108384221
"2276",1,28.7904781671577
"2277",1,34.2845031071695
"2278",1,41.6732463758435
"2279",1,34.2675620605572
"2280",1,26.9366439111251
"2281",1,33.4177431396345
"2282",1,14.2395128900561
"2283",1,30.921853144665
"2284",1,42.5569749943125
"2285",1,34.7071057474068
"2286",1,45.7797345765368
"2287",1,42.9636996589965
"2288",1,45.174895300133
"2289",1,45.32171146731
"2290",1,19.7039716108246
"2291",1,36.7681017470722
"2292",1,60.676633687653
"2293",1,31.2224882410298
"2294",1,42.5142692934062
"2295",1,38.4865050452441
"2296",1,43.9374287753757
"2297",1,33.5264399820566
"2298",1,29.4540751754374
"2299",1,37.5977259486434
"2300",1,39.3011166458432
"2761",1,33.9585093550946
"2762",1,24.9863525607518
"2763",1,33.5128978101762
"2764",1,24.7562729693662
"2765",1,41.2662846819074
"2766",1,40.9547055784907
"2767",1,47.5506746444937
"2768",1,42.025890726506
"2769",1,60.0512000090582
"2770",1,32.2503461984015
"2771",1,16.7167396902493
"2772",1,37.0297081452514
"2773",1,45.2341846546221
"2774",1,32.0842183466194
"2775",1,56.7690799074855
"2776",1,51.8379668098382
"2777",1,43.6682651638125
"2778",1,37.5707651896395
"2779",1,30.4648635829795
"2780",1,34.617795079306
"2781",1,42.7356477034044
"2782",1,49.8865421694951
"2783",1,33.2540652293988
"2784",1,28.6379986561669
"2785",1,76.7795787582556
"2786",1,43.4082869167395
"2787",1,26.9067653484578
"2788",1,49.3307953824594
"2789",1,37.4711364638124
"2790",1,47.7824311580448
"2791",1,37.3495826759365
"2792",1,36.0142183698348
"2793",1,37.8283192489101
"2794",1,41.9767344765195
"2795",1,29.8501089376513
"2796",1,29.3812928834404
"2797",1,34.5268883803714
"2798",1,38.8378715194621
"2799",1,33.0149658901616
"2800",1,40.7102144371276
"2801",1,25.0450810659302
"2802",1,22.165089745995
"2803",1,65.3759752448631
"2804",1,41.7778326615144
"2805",1,32.1304518747759
"2806",1,33.4366043422735
"2807",1,47.1731508253847
"2808",1,34.2317845203509
"2809",1,39.1014410576817
"2810",1,33.6093698082145
"2811",1,30.9980322243344
"2812",1,44.5650499713201
"2813",1,38.4626785785316
"2814",1,55.1377105473456
"2815",1,24.8293136282326
"2816",1,35.1037758210446
"2817",1,34.2471268247269
"2818",1,25.2918169708409
"2819",1,50.3436678302744
"2820",1,35.4323033935439
"2821",1,22.5468205973301
"2822",1,30.037433698387
"2823",1,25.0121804963906
"2824",1,50.9755400474219
"2825",1,78.180424447538
"2826",1,29.1928189614553
"2827",1,35.6118225712695
"2828",1,40.2253461717992
"2829",1,81.7151612599624
"2830",1,15.5596143451818
"2831",1,30.8637036020613
"2832",1,24.1331455082645
"2833",1,34.0329104876961
"2834",1,33.4825739305509
"2835",1,28.6222887255495
"2836",1,64.3162501059816
"2837",1,39.9323302458774
"2838",1,75.0967350952412
"2839",1,47.7358434979149
"2840",1,23.581483651418
"2841",1,28.3838974179835
"2842",1,40.1386267537082
"2843",1,30.1867143145718
"2844",1,41.2000640662904
"2845",1,46.4129268308992
"2846",1,42.0883589738733
"2847",1,35.1119251036329
"2848",1,29.5031978048172
"2849",1,23.3721381745137
"2850",1,41.023686845205
"2851",1,49.2009809735687
"2852",1,35.7609683741059
"2853",1,46.7163254726416
"2854",1,71.7709738063279
"2855",1,66.1496007748328
"2856",1,31.0675374297787
"2857",1,43.7952377686576
"2858",1,28.9019563041697
"2859",1,45.8008941162418
"2860",1,36.0150062697081
"2861",1,40.197522301983
"2862",1,27.3394494328497
"2863",1,53.5824563006656
"2864",1,35.7073570459675
"2865",1,31.5962177510952
"2866",1,35.7972299195401
"2867",1,37.6524970627818
"2868",1,60.7953926055308
"2869",1,24.9629517194031
"2870",1,76.4365276946636
"2871",1,28.1855028353027
"2872",1,38.8801041019096
"2873",1,17.369865205425
"2874",1,29.3905863370414
"2875",1,46.401432206988
"4601",1,43.9060824711801
"4602",1,25.4706807756675
"4603",1,54.3005992240828
"4604",1,23.4762571143311
"4605",1,31.2429134030291
"4606",1,40.9278049514939
"4607",1,40.2417226363586
"4608",1,44.3858144566253
"4609",1,48.5180821555859
"4610",1,27.8242310010136
"4611",1,23.3886062836062
"4612",1,24.446694549949
"4613",1,44.1793724652004
"4614",1,31.413791878257
"4615",1,41.9784902640169
"4616",1,53.2258506745038
"4617",1,29.2131286698791
"4618",1,49.2364501870798
"4619",1,29.4892239271439
"4620",1,44.7696017256765
"4621",1,37.1324763524837
"4622",1,27.4232479273063
"4623",1,49.5848998819046
"4624",1,46.2697187948033
"4625",1,27.2459420525742
"4626",1,37.1768358572374
"4627",1,77.7516520476411
"4628",1,28.4002423595323
"4629",1,34.7367471479097
"4630",1,56.802646621074
"4631",1,24.9358244247392
"4632",1,74.8289733513271
"4633",1,29.2585832956327
"4634",1,30.7839764811614
"4635",1,36.2523792740509
"4636",1,51.5255501085189
"4637",1,93.6812681227139
"4638",1,42.9274364249339
"4639",1,44.8088767186423
"4640",1,22.6487785390298
"4641",1,38.4595075914331
"4642",1,15.3632961454572
"4643",1,33.6827505159088
"4644",1,57.7831884380161
"4645",1,34.3730962592536
"4646",1,36.0236200046513
"4647",1,37.1932681175085
"4648",1,35.2397984363154
"4649",1,37.9454007843174
"4650",1,21.5019324711263
"4651",1,31.2183309383917
"4652",1,32.7442385511647
"4653",1,44.1140546511363
"4654",1,39.29553348314
"4655",1,28.3327396289155
"4656",1,48.1097090437117
"4657",1,53.9217235972864
"4658",1,23.4583207890458
"4659",1,38.9986641753737
"4660",1,28.4287349369208
"4661",1,29.8702893814008
"4662",1,42.0715020356177
"4663",1,48.0040346380258
"4664",1,41.5422371698004
"4665",1,30.6413326916048
"4666",1,52.3845684127062
"4667",1,50.8648009494973
"4668",1,26.0886330086779
"4669",1,40.6603470503292
"4670",1,24.5192734137022
"4671",1,57.8727170015169
"4672",1,40.1000954004494
"4673",1,51.4086454504947
"4674",1,41.6483049481656
"4675",1,35.422020393183
"4676",1,46.6711232636531
"4677",1,25.0306086482427
"4678",1,22.1506898915177
"4679",1,29.631285650829
"4680",1,40.0168651435502
"4681",1,31.9476714024755
"4682",1,31.3882314025081
"4683",1,49.1787152653194
"4684",1,30.9894489224385
"4685",1,49.9875557229599
"4686",1,28.1892614343713
"4687",1,33.7031270131252
"4688",1,27.6600316085896
"4689",1,31.8109104602986
"4690",1,24.5009785636689
"4691",1,42.4358515448406
"4692",1,53.2152518071837
"4693",1,40.2723285689213
"4694",1,62.1241993987563
"4695",1,20.4684275424838
"4696",1,28.4033618963526
"4697",1,43.4917366623072
"4698",1,45.0021312670643
"4699",1,40.841263771885
"4700",1,62.7197363695424
"4701",1,61.4717228138006
"4702",1,21.9292075063733
"4703",1,31.9070046578947
"4704",1,22.1394107105583
"4705",1,25.7005097811146
"4706",1,39.8188920008604
"4707",1,41.1620695824978
"4708",1,28.1142951954032
"4709",1,40.5094493333992
"4710",1,28.6422195295236
"4711",1,39.833784088283
"4712",1,38.1082960127685
"4713",1,33.3907251717541
"4714",1,26.3658923204578
"4715",1,31.3860017757443
"12421",1,26.620403340853
"12422",1,42.3836356812015
"12423",1,26.9195347977304
"12424",1,22.7496338390092
"12425",1,44.8550245477344
"12426",1,35.7950418165384
"12427",1,41.0285901397971
"12428",1,22.505678618157
"12429",1,42.3073842236317
"12430",1,46.0202406297166
"12431",1,39.3530301832357
"12432",1,23.921841542238
"12433",1,52.5588622584493
"12434",1,32.2343474617164
"12435",1,52.0369091379715
"12436",1,59.9462343257832
"12437",1,39.5276817030467
"12438",1,37.9708329305301
"12439",1,59.1466028182572
"12440",1,27.627138306926
"12441",1,47.2481496707463
"12442",1,41.5058597896391
"12443",1,33.2439591809702
"12444",1,20.554957008313
"12445",1,50.8401136819831
"12446",1,46.7256316151316
"12447",1,34.6094605146881
"12448",1,42.1923159040897
"12449",1,26.3604483725392
"12450",1,40.4344661490993
"12451",1,32.2331824568446
"12452",1,36.8236402601455
"12453",1,36.2124416123611
"12454",1,27.2807200473484
"12455",1,41.1481459040886
"12456",1,31.4609399178091
"12457",1,48.2236727373092
"12458",1,66.960855537927
"12459",1,34.2471992963948
"12460",1,32.951187802817
"12461",1,33.1379234450763
"12462",1,46.0974385078996
"12463",1,33.6345018620313
"12464",1,40.4259430678613
"12465",1,25.9059822452721
"12466",1,43.2800647431587
"12467",1,35.475622273064
"12468",1,26.3240191604175
"12469",1,29.256214931791
"12470",1,43.5781547397487
"12471",1,24.5861178902272
"12472",1,25.2454717957396
"12473",1,43.6944418766654
"12474",1,31.7015972341829
"12475",1,18.7786504582454
"12476",1,48.9214250831579
"12477",1,31.809799306847
"12478",1,25.9618020976971
"12479",1,59.1734867312748
"12480",1,17.808280297969
"12481",1,26.2974789550815
"12482",1,45.1326563517374
"12483",1,15.9809941266259
"12484",1,50.440577446841
"12485",1,35.1786046719469
"12486",1,32.8528650953381
"12487",1,35.9958368442957
"12488",1,23.1824398881822
"12489",1,29.3577846653697
"12490",1,24.3709475434266
"12491",1,35.3270955627827
"12492",1,30.8328237888395
"12493",1,35.1822157078348
"12494",1,35.7141688015826
"12495",1,27.1315437613737
"12496",1,13.3077438593282
"12497",1,46.9040812695682
"12498",1,75.3402605258939
"12499",1,42.6130865891295
"12500",1,36.8408300666297
"12501",1,59.4988745298742
"12502",1,41.9776067835919
"12503",1,24.2573820072308
"12504",1,46.1542395887175
"12505",1,44.3265398907049
"12506",1,23.6985000184474
"12507",1,18.6469854074038
"12508",1,36.8643557187493
"12509",1,28.8420174242521
"12510",1,41.5414350535942
"12511",1,37.5280426706162
"12512",1,62.6202178258124
"12513",1,60.6680220924582
"12514",1,43.9070011071187
"12515",1,29.2639628563423
"12516",1,22.1017048588049
"12517",1,30.6702423957293
"12518",1,23.9961840165139
"12519",1,48.0584828754265
"12520",1,29.3562521973889
"12521",1,40.0372972491757
"12522",1,44.7308856330474
"12523",1,51.571211383852
"12524",1,50.5306068787679
"12525",1,35.2058607856134
"12526",1,38.5422410987107
"12527",1,31.0935499890368
"12528",1,38.0172822860432
"12529",1,20.5707299355272
"12530",1,21.949746674639
"12531",1,43.0966463164822
"12532",1,37.4562400482351
"12533",1,39.1002706401319
"12534",1,24.5262980021026
"12535",1,40.3091277376427
"1",2,36.6958923103869
"2",2,63.4633452126821
"3",2,40.4741720062061
"4",2,41.244672893906
"5",2,66.3286549958308
"6",2,45.7935712020597
"7",2,25.6454974392989
"8",2,31.4601476830819
"9",2,34.1517137541139
"10",2,57.6322988980982
"11",2,44.3699639670733
"12",2,44.9427451719253
"13",2,40.9996450261128
"14",2,32.9020357387167
"15",2,67.6760294795295
"16",2,46.3218199412371
"17",2,19.7066248913402
"18",2,49.3121558548486
"19",2,33.8408291530523
"20",2,27.5310087133751
"21",2,36.8439937820515
"22",2,27.943588357712
"23",2,31.0074877475103
"24",2,32.1345415670525
"25",2,21.9374486332484
"26",2,51.3936968598246
"27",2,41.5634603022266
"28",2,26.8474798645681
"29",2,58.1341011342861
"30",2,45.3047841292456
"31",2,35.9155864287016
"32",2,52.2872308209313
"33",2,52.0212705764618
"34",2,51.1431696622404
"35",2,49.1213186237292
"36",2,47.1321559294106
"37",2,38.7768928606555
"38",2,35.7858277345773
"39",2,34.9073142340051
"40",2,31.37520946244
"41",2,36.9663906524565
"42",2,25.6423775859
"43",2,75.1731677301316
"44",2,57.3615584139183
"45",2,26.9925076559835
"46",2,34.6461572635523
"47",2,33.9109617078885
"48",2,50.5038844515208
"49",2,38.5068414269874
"50",2,42.9055215522953
"51",2,39.1995511066013
"52",2,39.0176924225496
"53",2,60.1009775478754
"54",2,36.7493232882103
"55",2,62.7048720773309
"56",2,23.103453698974
"57",2,47.5801396570376
"58",2,41.1730038324288
"59",2,42.3999873429287
"60",2,44.6465532134785
"61",2,33.5047773683065
"62",2,35.4627347322322
"63",2,28.0173566060432
"64",2,27.4921010731552
"65",2,43.5915173114839
"66",2,45.6128551191135
"67",2,40.2467639488339
"68",2,52.7140923980565
"69",2,72.7796790137094
"70",2,33.6329843767875
"71",2,17.2127410034052
"72",2,54.0426574509677
"73",2,31.2189097276465
"74",2,31.4476381058696
"75",2,54.361853520089
"76",2,36.0386000895933
"77",2,26.0608093121504
"78",2,41.9353830114105
"79",2,37.8144442294594
"80",2,39.637690445666
"81",2,44.7254786986326
"82",2,35.0220803787768
"83",2,48.4611823831466
"84",2,36.813474491847
"85",2,43.9810190184741
"86",2,55.5201157870382
"87",2,45.4281001444958
"88",2,35.5488079196891
"89",2,56.3758959148654
"90",2,53.8464262531647
"91",2,47.0519121712991
"92",2,42.70771183191
"93",2,32.1030315341732
"94",2,59.9632323629429
"95",2,32.4078510312124
"96",2,75.5481660799704
"97",2,62.9939270815212
"98",2,36.6290051403806
"99",2,27.9394573706598
"100",2,31.2059323223856
"101",2,42.9539700418317
"102",2,36.4961529199508
"103",2,35.2935948970411
"104",2,28.6887181589069
"105",2,38.9903564812876
"106",2,30.4118172595877
"107",2,22.0933225041697
"108",2,34.910170752933
"109",2,52.662518115882
"110",2,32.6843440820413
"111",2,47.9229855062346
"112",2,22.5134866773587
"113",2,38.8570720672612
"114",2,46.632170841465
"115",2,43.5588863969234
"116",2,40.9338908212543
"117",2,31.9626201541715
"118",2,29.7332629094699
"119",2,27.9621994944631
"120",2,41.0912346302578
"121",2,28.7306548763746
"122",2,33.638370638288
"123",2,36.3828132683242
"124",2,68.7578930565225
"125",2,31.8396508354748
"126",2,42.6624422166787
"127",2,40.5712756425655
"128",2,28.5853027054513
"129",2,38.6584651683355
"130",2,61.4284526625156
"131",2,45.6596577994884
"132",2,40.0943603224614
"133",2,34.4188233429758
"134",2,19.0519223313949
"135",2,56.0871504658157
"136",2,23.8719870003163
"137",2,49.8946332224622
"138",2,70.0125103333771
"139",2,24.0201759912913
"140",2,49.318595163889
"141",2,36.309339757236
"142",2,22.9025566185165
"143",2,23.3985355977924
"144",2,22.6519675732217
"145",2,33.1818621850031
"146",2,23.8621402790452
"147",2,49.1104767036192
"148",2,73.7801534320114
"149",2,25.4415634248619
"150",2,50.6228586134194
"151",2,50.3370562536622
"152",2,43.9868366966019
"153",2,28.1188611819731
"154",2,38.0558135449671
"155",2,36.0909839861517
"156",2,47.2642322033158
"157",2,35.0012528413844
"158",2,53.5821142912993
"159",2,34.9761824725564
"160",2,54.8008613963878
"161",2,27.71441322449
"162",2,25.6912031356406
"163",2,99.3773605400213
"164",2,34.4840787200021
"165",2,43.518717425073
"166",2,48.3454241281717
"167",2,33.715492902534
"168",2,46.5954499275559
"169",2,44.4974707587702
"170",2,36.8755381238071
"171",2,40.4063181138095
"172",2,39.1293878146106
"173",2,74.3513664366004
"174",2,30.8744081217071
"175",2,27.2556125158982
"176",2,40.0498436671456
"177",2,43.6871256349675
"178",2,45.4471057895985
"179",2,34.0058824290755
"180",2,27.5751634891834
"181",2,58.2928932977899
"182",2,35.2687752239523
"183",2,29.5694299705251
"184",2,36.6219955333805
"185",2,37.0974365368401
"186",2,55.7346380507704
"187",2,40.6597183523204
"188",2,50.1087838410422
"189",2,33.5391595138634
"190",2,42.3798407444262
"191",2,35.5635596525117
"192",2,40.788476909263
"193",2,29.2618867364039
"194",2,25.222259271312
"195",2,71.7328904198405
"196",2,47.8162649546534
"197",2,25.7741215479805
"198",2,32.2873492837073
"199",2,26.3943697831246
"200",2,75.7830505028075
"201",2,59.1322754414446
"202",2,36.2739064839147
"203",2,46.9763784156039
"204",2,34.5132412418166
"205",2,33.8013812260401
"206",2,30.3727858417059
"207",2,32.4703213274309
"208",2,65.1419126469909
"209",2,38.876458246881
"210",2,41.112281114507
"211",2,42.7748408241579
"212",2,57.7736466517658
"213",2,33.3492599907993
"214",2,28.277343311354
"215",2,65.5986240602317
"216",2,34.2034680626228
"217",2,31.0699251276113
"218",2,25.9145581653089
"219",2,25.4629938023017
"220",2,32.6996379111852
"221",2,48.0706750142921
"222",2,55.7334531964578
"223",2,49.4058889623218
"224",2,35.1041654390785
"225",2,40.3342912129194
"226",2,31.2684998967546
"227",2,31.1326971589741
"228",2,52.1231582813933
"229",2,28.0470153097519
"230",2,70.9106551908541
"231",2,38.4196609317498
"232",2,42.3810997139679
"233",2,30.90440297382
"234",2,32.6950139606532
"235",2,25.1651570524192
"236",2,37.2718179842697
"237",2,45.1991392459621
"238",2,43.8776867783611
"239",2,30.4473939955378
"240",2,30.3725840139202
"241",2,33.5061915831715
"242",2,62.3407161881294
"243",2,26.8555064802501
"244",2,37.3193244890271
"245",2,69.882108125606
"246",2,38.2862916462782
"247",2,24.7742684195749
"248",2,31.6998740512219
"249",2,46.1441152538317
"250",2,34.9642258355384
"251",2,32.8345671607606
"252",2,35.3363142920984
"253",2,40.7349970055741
"254",2,64.1840783740472
"255",2,38.4416537860146
"256",2,55.2578960872444
"257",2,48.2593230650772
"258",2,38.1282076098424
"259",2,23.2403311018668
"260",2,33.292196694483
"261",2,33.6461829007739
"262",2,40.1709736710174
"263",2,58.9232014105387
"264",2,77.7321214376836
"265",2,63.2628926632566
"266",2,37.8856054873196
"267",2,21.3641374442327
"268",2,34.8103350497605
"269",2,40.7181345408646
"270",2,51.5056886598124
"271",2,53.351910654414
"272",2,49.056443789033
"273",2,24.4542599021546
"274",2,51.5775403747649
"275",2,34.1414215649624
"276",2,41.848602520647
"277",2,40.526827417101
"278",2,45.3288494626939
"279",2,39.8806971577714
"280",2,22.0972136692969
"281",2,49.8423356946615
"282",2,44.7359263662583
"283",2,36.2678194747568
"284",2,41.0977889487443
"285",2,41.3074130273744
"286",2,42.4684114695663
"287",2,64.957201824199
"288",2,36.8309234371339
"289",2,41.7588025957074
"290",2,56.7007204886935
"291",2,54.8247053232503
"292",2,56.317226734112
"293",2,32.6607364955127
"294",2,71.8367290259361
"295",2,40.4246264595897
"296",2,69.1981356460697
"297",2,24.8554774583721
"298",2,39.8331769742621
"299",2,58.0680963445847
"300",2,31.1539288954205
"301",2,30.7533727218017
"302",2,28.8212399384761
"303",2,27.681532359668
"304",2,34.2495753607595
"305",2,43.9726825755433
"306",2,19.3448926644785
"307",2,42.3466672661209
"308",2,57.8444502006089
"309",2,72.5309987891974
"310",2,58.9399105889844
"311",2,50.1501681689773
"312",2,21.6073763555346
"313",2,32.3940551544414
"314",2,35.2405765197351
"315",2,49.3447469182175
"316",2,38.2276150495417
"317",2,25.7052513326353
"318",2,65.7601718063893
"319",2,52.5427401217201
"320",2,42.6900951673788
"321",2,57.5318687139606
"322",2,24.9659889984972
"323",2,48.7056635883714
"324",2,33.2719443876267
"325",2,49.0480011481577
"326",2,38.7906447795024
"327",2,48.2919792820729
"328",2,59.5292243256579
"329",2,39.6572583720384
"330",2,54.2327303761387
"331",2,26.366286974518
"332",2,31.0856048657132
"333",2,62.7540029630773
"334",2,44.6150792846369
"335",2,19.0595677524679
"336",2,24.7362055449559
"337",2,37.0534159046417
"338",2,51.8285213413313
"339",2,38.2749374985653
"340",2,48.1622357713644
"341",2,53.2958830066959
"342",2,65.5129249384019
"343",2,40.285834826713
"344",2,38.902331362942
"345",2,21.3908939588875
"461",2,35.282644137796
"462",2,46.619133862278
"463",2,34.7881268339555
"464",2,27.286878971184
"465",2,57.3959132000855
"466",2,49.9090724267131
"467",2,66.500045181125
"468",2,40.4045094916484
"469",2,55.982720826621
"470",2,71.304552331311
"471",2,36.0779742135447
"472",2,25.1107135538722
"473",2,36.5848345655791
"474",2,36.8918294641434
"475",2,41.5409988739378
"476",2,66.2772844593208
"477",2,35.5462941489708
"478",2,44.5538510389505
"479",2,36.7261192967502
"480",2,39.826320531589
"481",2,43.7363762745483
"482",2,59.4035494834214
"483",2,41.1395862342876
"484",2,49.485006410493
"485",2,50.4869879291744
"486",2,52.5959793581696
"487",2,32.6949486778142
"488",2,64.70145091294
"489",2,34.9016393638879
"490",2,38.2262061347226
"491",2,60.7179566092873
"492",2,58.818734558205
"493",2,27.3141360505189
"494",2,29.4913360018954
"495",2,24.7902587815509
"496",2,41.9426471035668
"497",2,41.7158735855771
"498",2,44.4298594477382
"499",2,47.106564280712
"500",2,32.3897845009142
"501",2,28.2654220237777
"502",2,54.3814311374262
"503",2,50.0632987008338
"504",2,23.446420984821
"505",2,38.3591900240692
"506",2,29.2558887530945
"507",2,18.9216401584936
"508",2,41.5203001434133
"509",2,38.5590561915993
"510",2,38.3313842257861
"511",2,42.4028285812666
"512",2,52.0889764226061
"513",2,42.2608506748774
"514",2,32.2292410680169
"515",2,30.9442575989383
"516",2,37.9023323714041
"517",2,43.6807430266638
"518",2,27.8081660379976
"519",2,37.2548623098818
"520",2,53.4273574474359
"521",2,38.1950500985856
"522",2,31.3351066547943
"523",2,36.1442924701851
"524",2,55.812324775961
"525",2,47.075841090485
"526",2,57.8444629140229
"527",2,41.3743010196406
"528",2,45.076415772411
"529",2,32.8727811493625
"530",2,47.8848158344823
"531",2,33.459335207818
"532",2,24.2277327575931
"533",2,41.2275863254976
"534",2,70.7263773599267
"535",2,50.8249684529878
"536",2,56.6486864711842
"537",2,44.3566290356187
"538",2,32.3161426884793
"539",2,37.0356012843752
"540",2,36.1766285674139
"541",2,33.8875829341544
"542",2,49.3544217241143
"543",2,26.2815301204383
"544",2,51.8376637914769
"545",2,51.8031766505721
"546",2,26.2695975163873
"547",2,48.3887320478297
"548",2,80.6315491455656
"549",2,32.8866627982796
"550",2,51.5040016887383
"551",2,30.4403632404767
"552",2,55.7476310927765
"553",2,42.8580819645189
"554",2,65.1604374782005
"555",2,23.8867280372296
"556",2,38.9109831581596
"557",2,33.2267036635138
"558",2,37.0963496434531
"559",2,32.0846571942903
"560",2,29.8983083331415
"561",2,47.4939213105776
"562",2,27.3376631948482
"563",2,62.1267957515888
"564",2,26.3874609884061
"565",2,40.8735823381856
"566",2,46.8284851258504
"567",2,47.6112162306848
"568",2,35.8360168229559
"569",2,40.5913775615194
"570",2,53.331804447975
"571",2,23.9088593131515
"572",2,30.4452464228705
"573",2,43.8238353383118
"574",2,34.1618327863537
"575",2,60.1252883391357
"576",2,48.8911155654982
"577",2,40.4957653498228
"578",2,23.4586994778938
"579",2,39.8990556918009
"580",2,35.6616102633877
"581",2,38.2691479691914
"582",2,26.4316790112902
"583",2,46.3334192867598
"584",2,27.8153222340773
"585",2,36.7438521347637
"586",2,44.6715360979171
"587",2,30.4264824861888
"588",2,47.5563858576915
"589",2,25.1698003240354
"590",2,14.004486617444
"591",2,45.8513066157852
"592",2,51.4363401410819
"593",2,36.0257758795229
"594",2,46.4120166218096
"595",2,26.6766466982042
"596",2,37.9601187635434
"597",2,19.8994120851907
"598",2,56.9137880679162
"599",2,69.0650068169091
"600",2,55.1472059846572
"601",2,39.2148120785648
"602",2,39.1387483529995
"603",2,23.3863609368236
"604",2,50.6634086001034
"605",2,36.9320802891328
"606",2,31.7873375669502
"607",2,24.3040461827414
"608",2,35.8596550338266
"609",2,29.7399430078072
"610",2,34.7142307527073
"611",2,26.0901953224464
"612",2,65.818543721182
"613",2,39.3593245799636
"614",2,55.1624093849895
"615",2,15.2775672008774
"616",2,34.0651488168752
"617",2,31.5834136414851
"618",2,26.0400083027161
"619",2,63.2454059174094
"620",2,24.2749274514704
"621",2,43.7960860265362
"622",2,51.5277682590716
"623",2,41.8938065834699
"624",2,29.4687933703351
"625",2,53.0127939352872
"626",2,41.7924105153741
"627",2,27.5734761588217
"628",2,24.5192628236629
"629",2,73.5113647444872
"630",2,31.5506306000613
"631",2,20.5702703403458
"632",2,46.8323948560064
"633",2,43.6836780966868
"634",2,24.828819362117
"635",2,19.8883284072958
"636",2,38.0950336681599
"637",2,56.2202153081646
"638",2,48.338822372879
"639",2,33.6113164633793
"640",2,29.8947147761905
"641",2,43.1471021322842
"642",2,41.6163138795124
"643",2,48.2439022510236
"644",2,34.7285754568662
"645",2,52.3535659666522
"646",2,29.9299362122463
"647",2,35.4942167324605
"648",2,49.9077763747462
"649",2,53.7898687441701
"650",2,19.9226549634917
"651",2,40.9537699371875
"652",2,47.9349794946604
"653",2,23.9587614788501
"654",2,46.074915042767
"655",2,29.9574659326292
"656",2,54.2761247636477
"657",2,46.9080469893165
"658",2,50.3372096272767
"659",2,41.1316948765853
"660",2,51.7953261752389
"661",2,60.307805602681
"662",2,71.1248583259774
"663",2,39.2014804553284
"664",2,17.6322478015639
"665",2,39.9690015247366
"666",2,42.2603630479633
"667",2,37.6110125536107
"668",2,47.341505111465
"669",2,54.1220272475052
"670",2,33.3275869793878
"671",2,35.9272332487622
"672",2,44.9016029953444
"673",2,32.9649246800473
"674",2,40.7450787543038
"675",2,19.7442255563958
"676",2,27.0235489290293
"677",2,25.0667055398092
"678",2,29.6925821921542
"679",2,31.3903638457452
"680",2,44.6838374311603
"681",2,53.6641927826578
"682",2,31.023639000217
"683",2,28.2340177457206
"684",2,27.7883181776576
"685",2,34.5103587678238
"686",2,36.5887344347539
"687",2,46.1177332496446
"688",2,35.6033850441796
"689",2,18.8642574330005
"690",2,38.4056929042195
"1266",2,45.2985134948814
"1267",2,61.2253419382471
"1268",2,39.4661402584098
"1269",2,55.9936750520247
"1270",2,52.0973766838296
"1271",2,47.9836504597685
"1272",2,45.1387613664157
"1273",2,36.0971255272928
"1274",2,38.1855990965098
"1275",2,42.5814531714044
"1276",2,40.1934345423322
"1277",2,53.0454063486201
"1278",2,38.1821105264216
"1279",2,38.6701893397863
"1280",2,33.7093603027948
"1281",2,37.8213204773943
"1282",2,38.690482882048
"1283",2,17.1811822420668
"1284",2,24.7290069324785
"1285",2,38.643626475012
"1286",2,36.2722395498738
"1287",2,26.2483086346259
"1288",2,19.5165881127043
"1289",2,35.2132562946882
"1290",2,48.5966541911167
"1291",2,67.4180872771189
"1292",2,39.0736640184227
"1293",2,62.2895281645204
"1294",2,40.6373200049176
"1295",2,41.0634088730825
"1296",2,43.8848802523654
"1297",2,29.5170857462814
"1298",2,38.9056665085525
"1299",2,52.4964337367897
"1300",2,30.7849301044904
"1301",2,35.6000515187758
"1302",2,26.7548143852784
"1303",2,44.2939878124629
"1304",2,45.2812663781462
"1305",2,48.5201374762995
"1306",2,26.0693620985756
"1307",2,40.954355932504
"1308",2,28.7652680539091
"1309",2,39.558910289593
"1310",2,59.6516997039778
"1311",2,33.4911534891344
"1312",2,49.5429046602869
"1313",2,30.7855395386548
"1314",2,33.7753561572372
"1315",2,45.4782508711419
"1316",2,31.5440232586336
"1317",2,21.802853846216
"1318",2,58.3265425213164
"1319",2,44.3775284776379
"1320",2,32.5921183437939
"1321",2,19.4972918015668
"1322",2,69.8791691081613
"1323",2,103.140879703701
"1324",2,42.2861525623921
"1325",2,51.5800805722946
"1326",2,57.6403498771603
"1327",2,31.2985993943946
"1328",2,35.2505807278597
"1329",2,21.6041742157105
"1330",2,30.9252367954754
"1331",2,48.1359771779749
"1332",2,35.9675745390706
"1333",2,36.8897576513107
"1334",2,38.1416737711885
"1335",2,20.5063719832685
"1336",2,51.3912638415589
"1337",2,24.023726226424
"1338",2,36.9584363325743
"1339",2,34.2334022236453
"1340",2,36.8364717183063
"1341",2,61.700445344516
"1342",2,32.6096704327569
"1343",2,30.4308998562557
"1344",2,23.3551939671884
"1345",2,30.1928469951594
"1346",2,26.5783529193827
"1347",2,45.0436326432904
"1348",2,29.5953837340998
"1349",2,43.598572505263
"1350",2,37.7211704842512
"1351",2,24.1119319548966
"1352",2,30.3516416716848
"1353",2,52.1303860353312
"1354",2,52.4120077304789
"1355",2,71.897682000019
"1356",2,39.5180119895881
"1357",2,23.5628411027628
"1358",2,30.5862698464453
"1359",2,45.0512649863647
"1360",2,69.8391000048028
"1361",2,40.9907937772433
"1362",2,56.2365859038108
"1363",2,50.3223987404714
"1364",2,26.5601282097905
"1365",2,37.4168225048403
"1366",2,59.0097982980245
"1367",2,51.9894475866434
"1368",2,45.834603059453
"1369",2,46.0247001472957
"1370",2,33.6287308884045
"1371",2,25.1434133094265
"1372",2,58.8416483188544
"1373",2,24.2308213732913
"1374",2,28.8176147334313
"1375",2,48.2328569627575
"1376",2,25.6721970339863
"1377",2,32.9464804032918
"1378",2,26.4198728167869
"1379",2,48.1101934612481
"1380",2,45.5859231123365
"1381",2,45.240098906824
"1382",2,45.5313176385531
"1383",2,47.1805780214469
"1384",2,48.386723270511
"1385",2,19.6909833116908
"1386",2,37.6916388098114
"1387",2,41.0230559924748
"1388",2,49.663544710359
"1389",2,26.3752966844513
"1390",2,33.5356630789983
"1391",2,27.4739555846186
"1392",2,54.8743654618749
"1393",2,58.5628429085722
"1394",2,50.6219070523009
"1395",2,26.0449312868841
"1396",2,45.6660262606821
"1397",2,56.4030823270795
"1398",2,41.7571457801431
"1399",2,32.787306909895
"1400",2,27.3519407338998
"1401",2,31.6940683894064
"1402",2,49.5152387507702
"1403",2,34.3129707607909
"1404",2,42.5574047197972
"1405",2,58.8334512753801
"1406",2,47.488255315954
"1407",2,60.0328633615595
"1408",2,21.8142865460791
"1409",2,36.0876204878591
"1410",2,40.403392459633
"1411",2,47.4919749951836
"1412",2,26.5494762527664
"1413",2,50.905980761846
"1414",2,43.6446025717404
"1415",2,43.0481530090821
"1416",2,46.4747333877879
"1417",2,38.0943371461189
"1418",2,52.7658259039054
"1419",2,48.5183910387643
"1420",2,37.674425943149
"1421",2,54.6010275357021
"1422",2,43.4409636708582
"1423",2,48.8239003311131
"1424",2,32.4751924614761
"1425",2,63.8560026134778
"1426",2,39.5127844614771
"1427",2,51.5495939987488
"1428",2,38.2970229447669
"1429",2,36.1001489389599
"1430",2,50.5723192885191
"1431",2,22.7959688596321
"1432",2,46.042598688979
"1433",2,44.8415966289329
"1434",2,14.6943350489141
"1435",2,44.489280678007
"1436",2,18.2069090044836
"1437",2,48.6905332766564
"1438",2,34.0569335630108
"1439",2,31.3727263386082
"1440",2,39.4762454326982
"1441",2,60.1781772024949
"1442",2,32.0216141784055
"1443",2,47.193060761435
"1444",2,44.110833436094
"1445",2,26.4511119074721
"1446",2,21.4904548801416
"1447",2,19.5086297455533
"1448",2,47.0937208855308
"1449",2,39.1208175751595
"1450",2,68.8861713593847
"1451",2,47.4201464700377
"1452",2,51.5783608803771
"1453",2,59.5096964082724
"1454",2,33.5229705291294
"1455",2,46.4979610689886
"1456",2,51.8754961056732
"1457",2,60.113974079201
"1458",2,50.2396286693616
"1459",2,45.2296878126368
"1460",2,29.5413993284994
"1461",2,49.7373681953368
"1462",2,46.3565193700208
"1463",2,48.3110710731753
"1464",2,45.2649556982897
"1465",2,37.0405162085992
"1466",2,38.5885414625002
"1467",2,49.1021958430864
"1468",2,41.8063170067223
"1469",2,29.9372723555367
"1470",2,35.9742254220423
"1471",2,25.1457950736622
"1472",2,28.5331317006104
"1473",2,37.7436366757107
"1474",2,21.0279281397693
"1475",2,21.9221216396963
"1476",2,55.613946990209
"1477",2,32.6701853889595
"1478",2,20.6009481393272
"1479",2,38.1378880419313
"1480",2,59.2807702598086
"1481",2,48.7270262268562
"1482",2,45.5159789822647
"1483",2,56.9565645847447
"1484",2,30.5535779973917
"1485",2,49.7393165280306
"1486",2,32.5538475814417
"1487",2,39.5736207162792
"1488",2,76.1042737324967
"1489",2,53.4618827045748
"1490",2,50.3212763579281
"1491",2,27.1357092384266
"1492",2,30.3977612983689
"1493",2,77.545286791013
"1494",2,27.2818735293062
"1495",2,42.380299349453
"1496",2,52.2471836551473
"1497",2,54.2520432290063
"1498",2,55.3936800014783
"1499",2,37.5150574038216
"1500",2,30.0325900285699
"1501",2,35.7704269542607
"1502",2,29.1928283039516
"1503",2,48.2048176634255
"1504",2,55.9061882673036
"1505",2,74.3263432062459
"1506",2,44.4577280171745
"1507",2,29.4736847519796
"1508",2,54.3441704768075
"1509",2,52.4384459539404
"1510",2,36.5981724660721
"1511",2,23.0251251107795
"1512",2,50.2191996394781
"1513",2,56.0509838918345
"1514",2,35.9151528061643
"1515",2,46.8756003607715
"1516",2,36.1449480032245
"1517",2,49.0265922359543
"1518",2,38.082726957214
"1519",2,35.3273718664609
"1520",2,41.0119701440095
"1521",2,36.0549601220384
"1522",2,32.5102269217591
"1523",2,35.6672946534353
"1524",2,39.4595548478712
"1525",2,42.2863505884291
"1526",2,62.9905724918219
"1527",2,24.7909962724728
"1528",2,37.0676000006992
"1529",2,48.2707021286318
"1530",2,67.2070158052489
"1531",2,45.2984269571462
"1532",2,39.3880212580003
"1533",2,35.7668625578195
"1534",2,45.133228906377
"1535",2,53.7752459797691
"1536",2,37.2603836475004
"1537",2,41.7015095633337
"1538",2,42.4133855004414
"1539",2,49.7330926454326
"1540",2,55.7586198908455
"1541",2,43.2576027143642
"1542",2,38.59728316159
"1543",2,60.5541291505984
"1544",2,41.7117913966034
"1545",2,63.8092798065558
"1546",2,38.776754735085
"1547",2,48.0107598890477
"1548",2,23.1264181178144
"1549",2,38.1437630432366
"1550",2,39.2854938445989
"1551",2,30.69319858288
"1552",2,27.8456219003452
"1553",2,53.1236409359917
"1554",2,52.5863023938725
"1555",2,25.3334332028533
"1556",2,45.2753194274221
"1557",2,27.0947920476359
"1558",2,27.6957213670573
"1559",2,46.7188962726381
"1560",2,31.4691211272186
"1561",2,53.846043846554
"1562",2,40.0593422858403
"1563",2,46.8742409201779
"1564",2,33.2638877463109
"1565",2,26.7216815783476
"1566",2,52.5956481848659
"1567",2,42.6987740800607
"1568",2,36.5882665381055
"1569",2,40.4576012614055
"1570",2,59.3638995977025
"1571",2,31.3378486652616
"1572",2,30.7883111593594
"1573",2,32.1942230636445
"1574",2,22.7927731061327
"1575",2,51.1130390392447
"1576",2,42.083409421818
"1577",2,42.2820071743395
"1578",2,39.011648189203
"1579",2,33.416011132849
"1580",2,30.0071562677139
"1581",2,51.6119141981484
"1582",2,24.1776152626934
"1583",2,45.5006060519713
"1584",2,30.3305197496284
"1585",2,43.3006540924235
"1586",2,30.8813012392059
"1587",2,33.267102184607
"1588",2,67.3451649183104
"1589",2,48.8169059751213
"1590",2,18.3771529664207
"1591",2,41.2067354229159
"1592",2,34.0810451048047
"1593",2,26.8620329125123
"1594",2,42.3171479810308
"1595",2,41.2536193619099
"1596",2,35.5183281764409
"1597",2,71.2513121286258
"1598",2,17.6347900158102
"1599",2,51.4003925749101
"1600",2,35.9877940517914
"1601",2,48.6415436734553
"1602",2,34.0559701031454
"1603",2,32.478661762791
"1604",2,21.7417242774955
"1605",2,36.9477380859799
"1606",2,81.6755837662157
"1607",2,53.7855569316704
"1608",2,65.5963194716895
"1609",2,52.5990037473654
"1610",2,56.3006759225525
"1611",2,52.4088713765597
"1612",2,46.0000915091431
"1613",2,32.6044596511096
"1614",2,33.1590356968125
"1615",2,22.6578793217871
"1616",2,39.4893958749568
"1617",2,52.3535914345803
"1618",2,54.4643591211601
"1619",2,40.7956671928935
"1620",2,32.9940191139298
"1621",2,100.613284597651
"1622",2,49.8452069577297
"1623",2,61.0071333423013
"1624",2,35.4098916221151
"1625",2,39.0799978567458
"1626",2,45.618498092771
"1627",2,65.6138700577159
"1628",2,35.7202895539525
"1629",2,51.6392476934549
"1630",2,18.7436240357164
"1631",2,33.4489060878458
"1632",2,25.3955159741717
"1633",2,55.7911904757761
"1634",2,37.4987520202371
"1635",2,34.791750295062
"1636",2,60.1096062890478
"1637",2,55.8390307972222
"1638",2,29.2346182991493
"1639",2,45.3246043884081
"1640",2,25.9880856602573
"1641",2,33.8085921535907
"1642",2,64.5132189165161
"1643",2,61.5267581125254
"1644",2,55.7198344359597
"1645",2,32.7338370299708
"1646",2,20.3666721217672
"1647",2,26.4875229445169
"1648",2,53.193422789218
"1649",2,35.9693432971151
"1650",2,18.2488487072848
"1651",2,37.3053898079007
"1652",2,60.8261429872047
"1653",2,48.4477098426836
"1654",2,30.0297461842562
"1655",2,23.1279007728107
"1656",2,29.9744595782884
"1657",2,40.0077355955163
"1658",2,52.1767348542886
"1659",2,19.9115815420504
"1660",2,54.3236446598717
"1661",2,39.633761315947
"1662",2,47.3632543468436
"1663",2,22.2159800002538
"1664",2,31.679359802186
"1665",2,34.1221483865236
"1666",2,54.6579104062269
"1667",2,54.4038428035152
"1668",2,45.4268111366394
"1669",2,64.2878401809103
"1670",2,33.3566346446911
"1671",2,54.1519242537842
"1672",2,39.1056064340706
"1673",2,31.6718776746852
"1674",2,52.7316435277505
"1675",2,60.3179899078435
"1676",2,52.0230973808735
"1677",2,33.4245776540328
"1678",2,33.8751477343766
"1679",2,60.2584720691129
"1680",2,44.2727796338172
"1681",2,51.2666206539317
"1682",2,35.397834468809
"1683",2,58.2564268131811
"1684",2,30.1607522760824
"1685",2,48.1794357947614
"1686",2,30.0724862685106
"1687",2,16.1762541859157
"1688",2,24.9278312465758
"1689",2,41.3372372487802
"1690",2,52.0961323872389
"1691",2,21.4066444264358
"1692",2,25.7726908335663
"1693",2,67.2544861512116
"1694",2,34.2871539945099
"1695",2,46.4346566881186
"1696",2,33.2265893421319
"1697",2,35.8737136464522
"1698",2,40.6924729345014
"1699",2,39.7043731632995
"1700",2,37.1538525363896
"1701",2,33.8750465729704
"1702",2,12.6482088513008
"1703",2,69.2327601313203
"1704",2,67.7423731649175
"1705",2,27.2061180032886
"1706",2,37.4537770014373
"1707",2,60.2167756943358
"1708",2,53.9231298486027
"1709",2,58.5207985782076
"1710",2,27.4925353599559
"1711",2,83.8253117480656
"1712",2,26.8925521051059
"1713",2,50.106694074148
"1714",2,41.4031223496145
"1715",2,34.6365664958291
"1716",2,34.9196444761146
"1717",2,28.2884564416129
"1718",2,64.6242837327667
"1719",2,40.7221358615456
"1720",2,42.9857122872365
"1721",2,42.3150897315939
"1722",2,34.9692808664036
"1723",2,26.8871400249818
"1724",2,42.9110611921548
"1725",2,18.7522885000857
"1956",2,39.8222755334551
"1957",2,44.6091287031036
"1958",2,34.3122480012238
"1959",2,70.9843277566224
"1960",2,24.157346917261
"1961",2,72.0105863293213
"1962",2,35.2459249381816
"1963",2,59.9020933699794
"1964",2,19.4586100732291
"1965",2,53.249396416975
"1966",2,51.9946816043329
"1967",2,25.5882339182755
"1968",2,30.5872575322866
"1969",2,42.0988838308659
"1970",2,56.2936080214815
"1971",2,30.6119133968729
"1972",2,36.7692841227105
"1973",2,63.6915788062119
"1974",2,26.9515449479539
"1975",2,53.117846431809
"1976",2,45.6207861598061
"1977",2,27.1601157256174
"1978",2,31.6661586049914
"1979",2,50.5545546304318
"1980",2,42.846338786749
"1981",2,61.086455017153
"1982",2,32.3909887057405
"1983",2,21.707911747092
"1984",2,54.7216624593335
"1985",2,32.3154312170174
"1986",2,41.1267054207439
"1987",2,66.402723852882
"1988",2,36.4512437928623
"1989",2,63.2984249014711
"1990",2,27.2444787201763
"1991",2,52.7652756172191
"1992",2,42.8170317440977
"1993",2,30.9231704802916
"1994",2,25.5066112198008
"1995",2,40.5541006960188
"1996",2,42.9306057979358
"1997",2,43.2341859152761
"1998",2,46.8844841792624
"1999",2,33.9815872420767
"2000",2,33.3996825403004
"2001",2,42.6834314855769
"2002",2,33.061764109821
"2003",2,57.5506740105897
"2004",2,41.839708315917
"2005",2,32.2421080332885
"2006",2,20.9576416202911
"2007",2,31.9300489772933
"2008",2,72.6987935615976
"2009",2,32.8470124118034
"2010",2,29.875836560379
"2011",2,48.5885016415126
"2012",2,45.5147017477604
"2013",2,50.0719261471996
"2014",2,36.1199689831828
"2015",2,55.9440388428064
"2016",2,26.5169930720572
"2017",2,38.9416178447628
"2018",2,31.2734157155177
"2019",2,49.0033000661501
"2020",2,41.2541638320546
"2021",2,55.7311532411283
"2022",2,72.9473153163281
"2023",2,41.3949109674269
"2024",2,33.1401153780609
"2025",2,30.0061305062998
"2026",2,36.2992815430456
"2027",2,38.6799503173068
"2028",2,71.6263633199155
"2029",2,26.9345274594849
"2030",2,27.2826856470431
"2031",2,34.5871452427957
"2032",2,47.6232917951184
"2033",2,51.1359291883577
"2034",2,29.1330749645788
"2035",2,41.214995320869
"2036",2,39.0174069791127
"2037",2,57.1479745390955
"2038",2,55.3949916504714
"2039",2,35.7107115356123
"2040",2,40.1559483999011
"2041",2,48.58515787267
"2042",2,22.2139959976936
"2043",2,35.7345930303153
"2044",2,47.437646574342
"2045",2,33.2683375196094
"2046",2,38.8020521835827
"2047",2,39.2955198440699
"2048",2,31.0636266278478
"2049",2,28.2576070747707
"2050",2,37.0645700821148
"2051",2,35.2996584477294
"2052",2,51.3365447224306
"2053",2,62.9449960680191
"2054",2,39.4113949593861
"2055",2,44.9132548024972
"2056",2,38.6697058957865
"2057",2,47.825833708259
"2058",2,42.4343907256369
"2059",2,42.6787984553612
"2060",2,55.7838350979691
"2061",2,28.3282744192401
"2062",2,61.486838808392
"2063",2,44.2211867245894
"2064",2,41.9289512722203
"2065",2,32.8528295408795
"2066",2,37.5058382393578
"2067",2,44.5633476683437
"2068",2,18.9739351290475
"2069",2,32.3938865842906
"2070",2,47.6003206083845
"2071",2,35.9226219528581
"2072",2,30.2471873230042
"2073",2,32.0175406755861
"2074",2,42.6673456495838
"2075",2,22.3705623495262
"2076",2,51.9134861885736
"2077",2,18.2031807959879
"2078",2,33.4932590343726
"2079",2,30.3877714990438
"2080",2,25.7990916484095
"2081",2,27.4322027533859
"2082",2,42.8615110046737
"2083",2,38.0518133145091
"2084",2,35.8466663792219
"2085",2,17.132701426684
"2086",2,25.0981621855302
"2087",2,37.9084836823165
"2088",2,29.4401269705018
"2089",2,30.286734077494
"2090",2,54.7494407205121
"2091",2,41.8590833745982
"2092",2,27.7670267846461
"2093",2,33.8876259749456
"2094",2,36.0370396662172
"2095",2,31.5311948165559
"2096",2,28.5631467716754
"2097",2,38.9045804285097
"2098",2,49.9135406001236
"2099",2,42.5471034150495
"2100",2,37.0611546794962
"2101",2,44.7610482853755
"2102",2,50.7175787495972
"2103",2,37.7943473259262
"2104",2,45.7208179041616
"2105",2,26.7759340932952
"2106",2,36.4604507089064
"2107",2,34.4442535041557
"2108",2,42.1275564665461
"2109",2,44.3352540947336
"2110",2,38.003997977055
"2111",2,30.6096332230945
"2112",2,28.9109019907259
"2113",2,43.24885508604
"2114",2,59.8972012455777
"2115",2,30.3882662472313
"2116",2,34.8567779569765
"2117",2,43.9657877596653
"2118",2,32.9156942903643
"2119",2,41.142931724376
"2120",2,38.957829189016
"2121",2,30.5032812479001
"2122",2,51.2954919028732
"2123",2,51.5257753373014
"2124",2,54.3387631139462
"2125",2,58.3745509624472
"2126",2,33.4590152888329
"2127",2,33.93582896882
"2128",2,43.0129236369953
"2129",2,48.2493642312773
"2130",2,35.386927023079
"2131",2,34.4090186933295
"2132",2,32.2090181619523
"2133",2,62.0943169829408
"2134",2,15.8774799381145
"2135",2,37.4602909557034
"2136",2,40.0553276261511
"2137",2,27.6116898663322
"2138",2,44.7275157297353
"2139",2,19.7030240939961
"2140",2,53.2317336025121
"2141",2,22.1315307473813
"2142",2,17.9606452466213
"2143",2,30.637761260653
"2144",2,41.6791480714698
"2145",2,31.843830928851
"2146",2,32.8635015795251
"2147",2,44.000703455451
"2148",2,27.6186589016939
"2149",2,38.4757121991422
"2150",2,46.3230050317973
"2151",2,64.8315425284457
"2152",2,46.0581255951
"2153",2,66.323032739305
"2154",2,45.6831979549647
"2155",2,39.5223513970074
"2156",2,17.5796114157583
"2157",2,26.0237001120741
"2158",2,35.6313945625344
"2159",2,49.4763904763665
"2160",2,35.589296011039
"2161",2,46.9829740638952
"2162",2,27.570397362437
"2163",2,36.1660562750422
"2164",2,42.4143242150648
"2165",2,35.1543054368154
"2166",2,41.0278927013071
"2167",2,31.634841408043
"2168",2,44.5725702274942
"2169",2,38.5359001603993
"2170",2,38.9647520775805
"2171",2,19.8434357562675
"2172",2,31.6031084940481
"2173",2,23.6169451629576
"2174",2,22.6164802853031
"2175",2,33.6005710169625
"2176",2,37.5437700421679
"2177",2,43.3182971830709
"2178",2,55.4288496686524
"2179",2,45.5587762282493
"2180",2,54.1444159838326
"2181",2,33.2336330499728
"2182",2,35.7634936192115
"2183",2,55.3292394783886
"2184",2,39.5792942099345
"2185",2,21.9909609485732
"2301",2,37.2423230879523
"2302",2,39.9679006871189
"2303",2,45.091579903163
"2304",2,30.5039976591407
"2305",2,56.2248650995678
"2306",2,75.8230076966052
"2307",2,62.0056540670194
"2308",2,34.0511495036328
"2309",2,20.8297683282488
"2310",2,40.262242796036
"2311",2,52.0547074931014
"2312",2,50.4754720255812
"2313",2,25.9758443563423
"2314",2,27.0889436344428
"2315",2,41.3035283307347
"2316",2,48.1902219784067
"2317",2,51.9400482228302
"2318",2,51.0631389021088
"2319",2,28.5236271128171
"2320",2,25.2056779054584
"2321",2,19.3576571966283
"2322",2,46.4236162228085
"2323",2,51.2440174342064
"2324",2,44.0373185081505
"2325",2,27.6164606650119
"2326",2,63.6259629654369
"2327",2,35.0280936858275
"2328",2,67.527401076072
"2329",2,47.0955784517777
"2330",2,57.066149544416
"2331",2,43.9647046292964
"2332",2,38.7423252792715
"2333",2,28.0773114588924
"2334",2,32.8721407735499
"2335",2,38.964011473008
"2336",2,43.2974249543738
"2337",2,39.1401601109902
"2338",2,37.332572178311
"2339",2,41.9645409253368
"2340",2,33.2554827297478
"2341",2,33.1252628477722
"2342",2,23.9155880510584
"2343",2,51.5252111012491
"2344",2,40.1680986396652
"2345",2,38.5036383140514
"2346",2,30.8788656512204
"2347",2,36.4830942746268
"2348",2,27.3454516819241
"2349",2,27.7132266481459
"2350",2,20.073949552148
"2351",2,53.6575742582519
"2352",2,41.2008223181999
"2353",2,27.0537882840302
"2354",2,56.6243178320722
"2355",2,48.168207906259
"2356",2,49.931548470837
"2357",2,36.7493283680512
"2358",2,34.4144851707267
"2359",2,38.3228315763829
"2360",2,44.9978345811005
"2361",2,50.8096122543589
"2362",2,64.0198682063388
"2363",2,33.4283471785025
"2364",2,28.0472921433387
"2365",2,40.8706914201226
"2366",2,94.0380885338815
"2367",2,34.3481187015508
"2368",2,56.3241450088872
"2369",2,36.5395499955548
"2370",2,33.775184775587
"2371",2,31.2058187042213
"2372",2,36.9258654494764
"2373",2,64.9744117731389
"2374",2,43.568409720755
"2375",2,46.1708907675236
"2376",2,51.4083909963166
"2377",2,73.2116075965725
"2378",2,50.4374546224361
"2379",2,24.1693575765954
"2380",2,27.8691931028465
"2381",2,22.7547195847057
"2382",2,13.7764337336938
"2383",2,58.7615590888604
"2384",2,33.6023800851619
"2385",2,44.8612979724482
"2386",2,56.9210735806466
"2387",2,33.3970925937039
"2388",2,37.8630742529337
"2389",2,44.2370706928315
"2390",2,42.5339713740667
"2391",2,30.5237767465856
"2392",2,49.7563539821736
"2393",2,47.0118117741767
"2394",2,35.9946520618887
"2395",2,26.0451429101861
"2396",2,48.2974992862032
"2397",2,61.128950511007
"2398",2,60.307857148032
"2399",2,51.9354120615935
"2400",2,33.7228462996731
"2401",2,33.1769047663177
"2402",2,32.5471973204193
"2403",2,34.5438646066817
"2404",2,49.4299318846848
"2405",2,42.9473503107083
"2406",2,20.5640365813154
"2407",2,20.5306605600841
"2408",2,39.2722533709967
"2409",2,41.51789452965
"2410",2,17.2244618584862
"2411",2,30.0801077345538
"2412",2,39.9178802686771
"2413",2,61.7326151476281
"2414",2,19.3550221887699
"2415",2,25.7351486730062
"2416",2,27.4087294667016
"2417",2,41.8565182432063
"2418",2,43.967981640688
"2419",2,35.6109200830418
"2420",2,22.5604671366849
"2421",2,32.073964885905
"2422",2,32.8501013450867
"2423",2,37.0314478800949
"2424",2,64.6284020834912
"2425",2,31.5694302989122
"2426",2,40.5491564826626
"2427",2,31.2598591827707
"2428",2,25.8774730501672
"2429",2,48.3362132308343
"2430",2,27.7001026191809
"2431",2,87.3555723004333
"2432",2,40.7620295741847
"2433",2,40.3408316148966
"2434",2,38.7184612406123
"2435",2,68.7537574626899
"2436",2,48.7519551292091
"2437",2,36.444290665651
"2438",2,26.5783041727185
"2439",2,27.8175831161285
"2440",2,30.4109215148578
"2441",2,57.4787861855406
"2442",2,37.1976361937355
"2443",2,30.7053913461648
"2444",2,50.6890720646885
"2445",2,59.6957978480372
"2446",2,31.3771055024325
"2447",2,34.1601012742428
"2448",2,44.168052761973
"2449",2,39.5018421017496
"2450",2,45.0214052693861
"2451",2,66.3125249488077
"2452",2,38.7961402100215
"2453",2,36.0873093704713
"2454",2,46.1434633485523
"2455",2,38.9356978291565
"2456",2,48.2151125507938
"2457",2,36.7711635056075
"2458",2,45.5463247916168
"2459",2,22.9745797291176
"2460",2,39.742151094166
"2461",2,33.3475408145083
"2462",2,26.3462548895766
"2463",2,34.5279674377351
"2464",2,44.5397555917385
"2465",2,40.7591511107134
"2466",2,49.1939470321731
"2467",2,53.0085722136808
"2468",2,51.249464494317
"2469",2,35.565889871181
"2470",2,25.0630375021244
"2471",2,36.091706715459
"2472",2,56.7218659189188
"2473",2,38.0306323570102
"2474",2,22.3498813669034
"2475",2,46.2290045812668
"2476",2,43.2939415242221
"2477",2,34.6726744799993
"2478",2,41.829381360381
"2479",2,60.114598139743
"2480",2,58.9060637532658
"2481",2,34.0295963941212
"2482",2,39.7005608781778
"2483",2,23.9298733673812
"2484",2,31.0196769749985
"2485",2,71.9503139421787
"2486",2,62.3754247189288
"2487",2,36.7070765625521
"2488",2,31.3994364880325
"2489",2,24.7127745335324
"2490",2,74.3028742893969
"2491",2,41.0515381563942
"2492",2,32.4777270686512
"2493",2,55.2133192024489
"2494",2,27.2206700746385
"2495",2,49.692072108994
"2496",2,61.3636388486211
"2497",2,36.9389482979026
"2498",2,61.5470956430613
"2499",2,48.4192691070263
"2500",2,31.5473277682175
"2501",2,47.4294619526601
"2502",2,31.2693829199934
"2503",2,33.1472306813383
"2504",2,50.4186017362991
"2505",2,33.8085194404248
"2506",2,39.2519665159575
"2507",2,54.2560715922512
"2508",2,26.2037151222962
"2509",2,64.1256430001413
"2510",2,72.6180211753041
"2511",2,48.0189897488519
"2512",2,45.2407551053318
"2513",2,33.5717384905192
"2514",2,46.2229556361586
"2515",2,33.5086468683293
"2516",2,43.3808362032109
"2517",2,31.462603386071
"2518",2,50.6330446816312
"2519",2,49.1622242120697
"2520",2,57.9511987873527
"2521",2,71.4378159682374
"2522",2,31.899846521097
"2523",2,53.4101900407266
"2524",2,24.1679668208653
"2525",2,34.0159878992909
"2526",2,53.0809430685753
"2527",2,30.9058833498914
"2528",2,44.1729990341209
"2529",2,29.2097705804559
"2530",2,35.0257033022018
"2646",2,37.7505936551315
"2647",2,28.465858685856
"2648",2,40.2848967074761
"2649",2,46.2428213257265
"2650",2,46.3892821719247
"2651",2,27.4581375114391
"2652",2,58.2057004630931
"2653",2,62.2857358281571
"2654",2,44.5525354696143
"2655",2,41.6179905024078
"2656",2,40.5632175066259
"2657",2,42.9629737574221
"2658",2,44.6016030618225
"2659",2,41.3442234874976
"2660",2,48.6015231083202
"2661",2,35.4324724017429
"2662",2,56.0542906193711
"2663",2,39.0834852597383
"2664",2,21.3709126129286
"2665",2,38.3019764755258
"2666",2,45.5959666009971
"2667",2,57.7324629222439
"2668",2,40.3402713107439
"2669",2,19.9105862697486
"2670",2,39.625736727157
"2671",2,26.2640104742057
"2672",2,28.4418298320165
"2673",2,27.947332329642
"2674",2,30.260867670431
"2675",2,56.1827581215275
"2676",2,29.9224509526682
"2677",2,34.227651544679
"2678",2,41.973736784207
"2679",2,52.2128473757971
"2680",2,31.678808920429
"2681",2,29.9778377710639
"2682",2,33.320435412004
"2683",2,26.5254891235438
"2684",2,52.6788612867653
"2685",2,18.1094410853722
"2686",2,33.218062680101
"2687",2,24.0446029834881
"2688",2,19.781981577828
"2689",2,39.9320203640971
"2690",2,63.0948922003475
"2691",2,64.8434603549417
"2692",2,32.8245163913882
"2693",2,31.3509217243857
"2694",2,33.0995361797283
"2695",2,49.4438534926462
"2696",2,15.532008077822
"2697",2,42.8292571170834
"2698",2,34.615311074657
"2699",2,30.8466324667416
"2700",2,19.4060308307605
"2701",2,36.9918727629356
"2702",2,22.2511403975007
"2703",2,39.3681861257582
"2704",2,29.2666253045298
"2705",2,40.1601676318661
"2706",2,45.7948227825384
"2707",2,33.4887339214246
"2708",2,27.9793767793535
"2709",2,32.2809908989045
"2710",2,31.6713184349754
"2711",2,23.5851531909386
"2712",2,30.4570992281691
"2713",2,37.1435206185754
"2714",2,36.8092625736665
"2715",2,43.9500431029348
"2716",2,58.7810420751887
"2717",2,44.0071517847112
"2718",2,61.9805023165677
"2719",2,31.8836187721737
"2720",2,59.7905637207621
"2721",2,47.7090652550421
"2722",2,26.3351792582541
"2723",2,44.9624121582264
"2724",2,25.9012403337771
"2725",2,53.1089125397112
"2726",2,33.0824612474662
"2727",2,36.6240452944264
"2728",2,31.5394222487689
"2729",2,29.7075799239257
"2730",2,66.088330784064
"2731",2,53.8192115671733
"2732",2,48.9203847217513
"2733",2,40.5146943059186
"2734",2,49.8398797862442
"2735",2,48.7189582711975
"2736",2,64.2752518175689
"2737",2,51.5837004796629
"2738",2,36.9874528360837
"2739",2,36.8814684255315
"2740",2,33.8947541187195
"2741",2,35.1032120697672
"2742",2,36.6171024160714
"2743",2,57.6120949194769
"2744",2,17.0804191058692
"2745",2,31.2981529811934
"2746",2,37.8889580087948
"2747",2,25.4764927580069
"2748",2,64.5592736168383
"2749",2,36.6502145515194
"2750",2,27.0524153041649
"2751",2,29.3003877159473
"2752",2,51.9316764067328
"2753",2,69.2395542045982
"2754",2,37.9959103653584
"2755",2,40.9516480651755
"2756",2,28.7199188850572
"2757",2,59.2048353851086
"2758",2,49.6330468076413
"2759",2,17.0742747645509
"2760",2,31.9130735922271
"2876",2,46.4279370482796
"2877",2,45.0805995500872
"2878",2,33.9097040888756
"2879",2,20.6652560473858
"2880",2,27.4819736614852
"2881",2,36.7001186864037
"2882",2,48.1245680751977
"2883",2,51.3884075010647
"2884",2,35.8224241941826
"2885",2,37.6578345252199
"2886",2,37.5184748850351
"2887",2,40.309567042109
"2888",2,63.0753044975153
"2889",2,31.030829094266
"2890",2,37.0048413879136
"2891",2,40.5812587811968
"2892",2,24.9706293215905
"2893",2,28.9993472383588
"2894",2,42.1892129650157
"2895",2,45.3133333730924
"2896",2,56.23168335919
"2897",2,33.9218224390521
"2898",2,61.5933219058053
"2899",2,29.5793252977557
"2900",2,22.696603771187
"2901",2,19.8647816564078
"2902",2,55.6383006392474
"2903",2,43.6099813954448
"2904",2,37.9194709567032
"2905",2,35.9329844464853
"2906",2,63.9615624746965
"2907",2,57.247348606718
"2908",2,28.165100116313
"2909",2,24.4925461043167
"2910",2,55.3313140730972
"2911",2,47.2295892414336
"2912",2,33.4067271735854
"2913",2,44.8820861520585
"2914",2,19.276895642461
"2915",2,31.6958243143628
"2916",2,45.4256322866531
"2917",2,38.6382811279244
"2918",2,25.4891947660137
"2919",2,54.1958280706101
"2920",2,56.6122381387621
"2921",2,28.8060079445793
"2922",2,37.2406773548986
"2923",2,49.7533033376727
"2924",2,51.7965161626108
"2925",2,33.2061722159052
"2926",2,29.4349244144714
"2927",2,44.1651563319453
"2928",2,20.096722334054
"2929",2,28.7043075465806
"2930",2,50.4064229914096
"2931",2,21.7959753217519
"2932",2,26.249181944688
"2933",2,36.5675034665426
"2934",2,35.8321241689721
"2935",2,21.3843254068334
"2936",2,46.4876058468153
"2937",2,27.9887326094557
"2938",2,37.5775396230734
"2939",2,37.1048116480481
"2940",2,49.2411476617376
"2941",2,38.7255670930512
"2942",2,37.8707584580416
"2943",2,65.2123872161505
"2944",2,44.5383588941617
"2945",2,48.1526774662036
"2946",2,45.9930356763884
"2947",2,47.3903448036813
"2948",2,59.5329934744926
"2949",2,38.8375874072413
"2950",2,42.7634097230909
"2951",2,71.191166760062
"2952",2,33.1916369390699
"2953",2,58.7662519988691
"2954",2,32.3324750215559
"2955",2,66.2370029303383
"2956",2,31.6837884459826
"2957",2,30.1018460505823
"2958",2,54.5367496404305
"2959",2,53.3901643694677
"2960",2,47.1000677580923
"2961",2,43.1760488001947
"2962",2,42.7500751747152
"2963",2,72.8727833422481
"2964",2,24.1210736740841
"2965",2,28.3391466600577
"2966",2,25.5146685196147
"2967",2,53.3237136417268
"2968",2,36.5088281111087
"2969",2,37.9246032471799
"2970",2,67.607934705079
"2971",2,32.643398594565
"2972",2,72.2380083121548
"2973",2,24.3271814496445
"2974",2,59.2252669146896
"2975",2,43.8613505410113
"2976",2,34.8124262264059
"2977",2,37.3956311927115
"2978",2,59.5887830756286
"2979",2,66.1192751050093
"2980",2,22.0057232019473
"2981",2,103.927608271343
"2982",2,83.8401684478638
"2983",2,33.244774483732
"2984",2,38.7457340025037
"2985",2,31.7131794169998
"2986",2,38.3860655092824
"2987",2,49.8932982592249
"2988",2,40.9035335563401
"2989",2,42.0785524354248
"2990",2,62.0340761283619
"2991",2,17.9525532827319
"2992",2,33.6283017668094
"2993",2,41.4447142568014
"2994",2,30.4308677261118
"2995",2,54.9348943753776
"2996",2,34.1535112102113
"2997",2,34.3416035325605
"2998",2,57.0444558829176
"2999",2,51.3396241990157
"3000",2,37.6732139341256
"3001",2,35.5271972097924
"3002",2,23.9823083557668
"3003",2,31.3473708090566
"3004",2,84.293618735159
"3005",2,39.0868838337952
"3006",2,52.5758032289636
"3007",2,37.2521955984322
"3008",2,47.9503715286431
"3009",2,38.8929110931101
"3010",2,60.0198548501549
"3011",2,33.4899279343307
"3012",2,21.7525931695417
"3013",2,52.340942294299
"3014",2,36.6043979906079
"3015",2,61.7612898935652
"3016",2,41.1799118589316
"3017",2,61.5905017917311
"3018",2,44.2366648507675
"3019",2,35.2761323225844
"3020",2,49.6774806684246
"3021",2,33.9958763024571
"3022",2,65.7661580472958
"3023",2,41.4734205477426
"3024",2,19.2270632090134
"3025",2,33.8479258251862
"3026",2,22.3912676020884
"3027",2,18.1353370597309
"3028",2,40.3272627703709
"3029",2,48.512908357395
"3030",2,30.6604539162748
"3031",2,25.0567579101607
"3032",2,32.3882594249949
"3033",2,23.0881851279866
"3034",2,49.3368967672164
"3035",2,47.4322419579093
"3036",2,22.705036598915
"3037",2,32.145212767805
"3038",2,54.7117634889635
"3039",2,37.4543710083336
"3040",2,39.6858143030943
"3041",2,45.1745649995341
"3042",2,48.2013503143227
"3043",2,57.3327435600442
"3044",2,50.3908222773059
"3045",2,24.6137923864358
"3046",2,35.1186022264492
"3047",2,43.5746156989595
"3048",2,38.1850704954837
"3049",2,18.129512799431
"3050",2,30.6956510267935
"3051",2,54.1843228165735
"3052",2,41.6255320768708
"3053",2,23.7669210597785
"3054",2,42.3997804566898
"3055",2,37.5695429693688
"3056",2,48.8702085670452
"3057",2,73.9098596515503
"3058",2,23.3878172632188
"3059",2,33.4737221270752
"3060",2,37.8160351540572
"3061",2,18.4403671867797
"3062",2,39.1655638443856
"3063",2,32.4863700017671
"3064",2,76.5395392620329
"3065",2,13.375103848381
"3066",2,62.2012490582451
"3067",2,54.0793820572055
"3068",2,49.8210687076809
"3069",2,41.4764417461793
"3070",2,31.201695655966
"3071",2,55.6642378818891
"3072",2,29.3607027018676
"3073",2,49.2131244503747
"3074",2,44.9689924339077
"3075",2,55.1834901362809
"3076",2,32.4489521837476
"3077",2,32.6215899677366
"3078",2,43.571566967481
"3079",2,43.6211582963306
"3080",2,60.1946040955495
"3081",2,46.1432480556476
"3082",2,41.4503141940304
"3083",2,51.4685786232611
"3084",2,33.0391056998399
"3085",2,55.4568126850508
"3086",2,27.9779554360818
"3087",2,44.069121152167
"3088",2,21.7708426369174
"3089",2,42.812285406008
"3090",2,22.9383697655041
"3091",2,36.6800497227877
"3092",2,21.3565944711968
"3093",2,31.9745176471855
"3094",2,30.5041773512241
"3095",2,47.1446213931238
"3096",2,32.6089789827668
"3097",2,30.5843817228329
"3098",2,57.5891381152639
"3099",2,65.478159174296
"3100",2,55.4651334414666
"3101",2,23.6029488126898
"3102",2,58.5216740314963
"3103",2,25.987211257378
"3104",2,38.6503715619342
"3105",2,49.8114783721128
"3106",2,36.893705055508
"3107",2,37.6721598116639
"3108",2,41.1931517436013
"3109",2,45.3244847142782
"3110",2,45.091562233354
"3111",2,21.6104026434582
"3112",2,37.3610983246421
"3113",2,43.3626094428383
"3114",2,47.6699159380974
"3115",2,35.6504031562215
"3116",2,31.2894638247216
"3117",2,24.7040391244111
"3118",2,31.0083872253349
"3119",2,38.0300282758836
"3120",2,32.0228976339621
"3121",2,47.7280517647735
"3122",2,44.4770631583118
"3123",2,22.5908752273634
"3124",2,43.7814939834714
"3125",2,46.9547720704606
"3126",2,36.3198090421253
"3127",2,39.2256417855359
"3128",2,34.3063116913558
"3129",2,35.935689321881
"3130",2,28.1321827797866
"3131",2,45.2870278254494
"3132",2,26.0222127292913
"3133",2,32.5163544344855
"3134",2,29.0747736403732
"3135",2,29.5135691916368
"3136",2,35.0467329666507
"3137",2,33.6987313241097
"3138",2,31.3184747289155
"3139",2,36.4148381991771
"3140",2,22.7935720493224
"3141",2,41.0043189783659
"3142",2,48.2754825977887
"3143",2,25.4779724694514
"3144",2,24.2944313925686
"3145",2,76.4651650445489
"3146",2,42.7182116333475
"3147",2,40.249210494826
"3148",2,37.0811729459833
"3149",2,46.2471420728847
"3150",2,40.0427732484423
"3151",2,33.0132566931622
"3152",2,34.303568996032
"3153",2,35.3296249996769
"3154",2,35.6230124677351
"3155",2,30.7639144137791
"3156",2,55.1486606979361
"3157",2,40.7785099005498
"3158",2,30.536996213513
"3159",2,47.6773764634608
"3160",2,44.2366859507356
"3161",2,37.8306972014611
"3162",2,44.9442965435466
"3163",2,29.1489927213271
"3164",2,37.0771090027031
"3165",2,28.2108767559662
"3166",2,26.4102527052661
"3167",2,35.4841179018948
"3168",2,41.7582621061851
"3169",2,29.0812353681162
"3170",2,37.3683449311753
"3171",2,20.769538838052
"3172",2,34.13935206352
"3173",2,56.7386963250633
"3174",2,26.7198142742955
"3175",2,26.323567699061
"3176",2,36.8210684591553
"3177",2,46.852830288123
"3178",2,57.834905046473
"3179",2,85.5216037516068
"3180",2,50.82464429289
"3181",2,48.8642311088885
"3182",2,72.3396005141482
"3183",2,35.8458125555906
"3184",2,36.9002472529481
"3185",2,42.9048645880806
"3186",2,24.2319947835135
"3187",2,20.7298451730445
"3188",2,68.0522194301897
"3189",2,32.6882544415449
"3190",2,34.0114356966949
"3191",2,28.2728541292472
"3192",2,41.4401491449365
"3193",2,47.6757894351489
"3194",2,36.7148773497643
"3195",2,39.7524422956598
"3196",2,53.1749503985918
"3197",2,39.4261351543445
"3198",2,32.8405203281496
"3199",2,38.7933188772576
"3200",2,29.8099538808368
"3201",2,40.8841899988806
"3202",2,29.2355969391489
"3203",2,60.5412683138357
"3204",2,16.0187863961951
"3205",2,44.9500893406181
"3206",2,33.667150169639
"3207",2,71.5348558144577
"3208",2,36.6439777546507
"3209",2,46.0922533250662
"3210",2,44.748073750771
"3211",2,42.8288763837573
"3212",2,46.6135943898254
"3213",2,71.7368365610129
"3214",2,52.7968133189786
"3215",2,42.1377395670138
"3216",2,67.7393868638579
"3217",2,47.5594065901144
"3218",2,48.5496471066217
"3219",2,57.9855146328509
"3220",2,41.6661986274585
"3566",2,26.9775314358603
"3567",2,57.9457602222839
"3568",2,52.6312958812364
"3569",2,58.4589648450518
"3570",2,34.376008098946
"3571",2,23.8395190600785
"3572",2,46.5133010188104
"3573",2,48.0787374544194
"3574",2,83.0154915935407
"3575",2,66.4111296256092
"3576",2,33.9312414963183
"3577",2,28.1348031775775
"3578",2,48.1149974475361
"3579",2,71.6547106058798
"3580",2,26.416689779639
"3581",2,30.4583317931688
"3582",2,66.9381526706842
"3583",2,68.6304481697923
"3584",2,42.1127056666447
"3585",2,22.4936508538441
"3586",2,33.0507473899434
"3587",2,56.684676306299
"3588",2,74.8635549880801
"3589",2,39.360931660271
"3590",2,32.0641639006367
"3591",2,43.6156889482695
"3592",2,41.4508250429779
"3593",2,29.1187496218462
"3594",2,47.686696485887
"3595",2,60.4806047290504
"3596",2,39.7320905103
"3597",2,48.1853277233846
"3598",2,42.8887686852971
"3599",2,45.8028281401371
"3600",2,36.8969170663944
"3601",2,57.1926276189609
"3602",2,42.6139868216291
"3603",2,33.4989048819467
"3604",2,48.2549291000873
"3605",2,53.2687345421189
"3606",2,38.6185114792995
"3607",2,14.7999765847816
"3608",2,64.8713798514572
"3609",2,30.775292018239
"3610",2,35.2747379737405
"3611",2,64.5506947454856
"3612",2,20.2367075341807
"3613",2,27.1530269416075
"3614",2,30.7878608480026
"3615",2,25.20313822309
"3616",2,55.6258044960066
"3617",2,58.3151342589197
"3618",2,46.3652893020448
"3619",2,34.2237009565288
"3620",2,34.4051439161409
"3621",2,32.7653991234626
"3622",2,33.2517131736867
"3623",2,46.1063968151496
"3624",2,52.5092622284448
"3625",2,34.0263764794422
"3626",2,43.8043615200397
"3627",2,16.6889791844778
"3628",2,40.5435847807508
"3629",2,29.435934420185
"3630",2,55.5478650398603
"3631",2,56.9912444092306
"3632",2,18.0052336435824
"3633",2,52.7148818701907
"3634",2,32.7915579728248
"3635",2,37.5050571624558
"3636",2,52.3401756242463
"3637",2,49.1292181891254
"3638",2,30.0531360131779
"3639",2,43.8192065989099
"3640",2,33.9061592864624
"3641",2,58.1009327299906
"3642",2,22.9083062666362
"3643",2,51.1149874703592
"3644",2,60.4919595575862
"3645",2,15.2281636505842
"3646",2,48.5112146503535
"3647",2,35.1121169915711
"3648",2,40.9935876299484
"3649",2,36.2147094858358
"3650",2,49.1731491806227
"3651",2,52.8089970434065
"3652",2,47.7049744269274
"3653",2,38.2198558782321
"3654",2,34.3999518787623
"3655",2,37.7968265879031
"3656",2,36.7308841228031
"3657",2,42.2536559101259
"3658",2,29.9948538323678
"3659",2,47.5796539663369
"3660",2,28.2194295096742
"3661",2,23.6639468876154
"3662",2,42.966122041164
"3663",2,45.147067793325
"3664",2,54.3594052895704
"3665",2,49.6846953840783
"3666",2,42.4518017795702
"3667",2,49.1656849438118
"3668",2,28.3977140838644
"3669",2,26.823672279109
"3670",2,26.1101157505553
"3671",2,40.1395741753647
"3672",2,48.715347101923
"3673",2,52.4641164435026
"3674",2,62.120944209502
"3675",2,43.9453273314809
"3676",2,37.9471652340867
"3677",2,31.7379093791587
"3678",2,42.9157062184936
"3679",2,38.7460698189741
"3680",2,35.558308170693
"3796",2,34.2823105785345
"3797",2,41.9970881066885
"3798",2,31.2785147437405
"3799",2,42.2087752854901
"3800",2,49.3211265415992
"3801",2,44.0418984593055
"3802",2,50.0445265391562
"3803",2,30.2434563219367
"3804",2,38.0148980699988
"3805",2,48.7573432733071
"3806",2,40.2720988579332
"3807",2,42.3562827521842
"3808",2,40.2189799288459
"3809",2,41.9569405844424
"3810",2,39.2488406834387
"3811",2,27.2225658323823
"3812",2,41.837887242633
"3813",2,34.0402644485941
"3814",2,61.2740609515459
"3815",2,33.1966832064843
"3816",2,41.5472468415943
"3817",2,19.6558247110706
"3818",2,31.7640464347195
"3819",2,29.9545591234883
"3820",2,57.7606308671634
"3821",2,37.6635974028491
"3822",2,41.4518539301575
"3823",2,43.5471250888714
"3824",2,33.1795549777029
"3825",2,43.5528681907232
"3826",2,62.5289979919738
"3827",2,48.0560245977138
"3828",2,49.5084814338851
"3829",2,29.891226383182
"3830",2,41.9052530718183
"3831",2,43.4517622860313
"3832",2,31.8052443020281
"3833",2,41.0882592760494
"3834",2,71.2674748207751
"3835",2,28.457636803539
"3836",2,47.1180496726971
"3837",2,27.4722104622608
"3838",2,44.2612509428578
"3839",2,27.7869754397333
"3840",2,47.6642138033826
"3841",2,25.6140558026872
"3842",2,39.8266673512276
"3843",2,59.6291488559611
"3844",2,36.7893369676561
"3845",2,38.2185471527218
"3846",2,60.7204031227729
"3847",2,72.5056404089491
"3848",2,81.7698587818631
"3849",2,34.7538711482404
"3850",2,27.6556983723475
"3851",2,48.5618446684767
"3852",2,45.4339620630485
"3853",2,58.6673374532439
"3854",2,41.5215367369472
"3855",2,41.6623790345123
"3856",2,62.6563967930541
"3857",2,41.6779561041868
"3858",2,49.0253931976233
"3859",2,46.1306191562136
"3860",2,38.9973980516398
"3861",2,33.1379277817438
"3862",2,35.4114595392546
"3863",2,19.8454368942512
"3864",2,58.5523327505919
"3865",2,22.7065734498356
"3866",2,32.5137389188082
"3867",2,35.0259335554257
"3868",2,57.320764077255
"3869",2,40.309634164093
"3870",2,53.0612661587781
"3871",2,35.9256041918598
"3872",2,65.5187122142719
"3873",2,46.1661439987821
"3874",2,47.0358956146971
"3875",2,52.0118582548549
"3876",2,23.6819264366684
"3877",2,39.4292523227252
"3878",2,42.3795572147965
"3879",2,30.604169584521
"3880",2,39.7198914673584
"3881",2,31.0884389353841
"3882",2,42.4512633452417
"3883",2,21.1350075372011
"3884",2,43.3293692632988
"3885",2,32.0111923163314
"3886",2,52.983880826897
"3887",2,19.6569768134203
"3888",2,40.1109171150121
"3889",2,36.8083354146548
"3890",2,53.0026235564978
"3891",2,22.8352839434399
"3892",2,32.9816511726354
"3893",2,49.4702299127647
"3894",2,47.9952939987868
"3895",2,44.3215470167731
"3896",2,43.3863203891959
"3897",2,22.0883240282194
"3898",2,51.599578133265
"3899",2,42.3977585298483
"3900",2,20.8950953539405
"3901",2,37.3880819140608
"3902",2,53.212656193338
"3903",2,49.3487118499895
"3904",2,32.0659223659848
"3905",2,52.4829744283591
"3906",2,34.7150126544126
"3907",2,44.678994220827
"3908",2,52.8129834759188
"3909",2,44.7996661424783
"3910",2,31.8314319140622
"3911",2,51.1185032430865
"3912",2,62.0096403713802
"3913",2,28.9161693548868
"3914",2,37.2807799363707
"3915",2,54.0092591579824
"3916",2,29.7095144882973
"3917",2,21.6677295877404
"3918",2,33.5913018188241
"3919",2,55.024712437518
"3920",2,24.7560609413917
"3921",2,36.4766992742511
"3922",2,53.3423980640512
"3923",2,40.1680350242138
"3924",2,47.3215248939704
"3925",2,64.6484127575564
"3926",2,52.3758120139155
"3927",2,47.6765246152402
"3928",2,46.2233140647656
"3929",2,26.6526895914852
"3930",2,51.4155335926924
"3931",2,46.9606025393606
"3932",2,44.9827906007363
"3933",2,40.3011932998168
"3934",2,25.5898055917229
"3935",2,41.5663888277718
"3936",2,58.1534232175781
"3937",2,32.2813138000978
"3938",2,21.0061128006472
"3939",2,68.6464937206852
"3940",2,32.8077479449504
"3941",2,56.2360863314344
"3942",2,48.1602560461873
"3943",2,65.2674915730093
"3944",2,39.0275780685452
"3945",2,35.8515284209241
"3946",2,66.6493039695461
"3947",2,74.9203600053785
"3948",2,43.7978595103508
"3949",2,41.7825362280491
"3950",2,49.9310513938462
"3951",2,31.6154041291634
"3952",2,46.3214705734448
"3953",2,28.3063269741215
"3954",2,35.8868660811336
"3955",2,50.7323844844324
"3956",2,30.6442421513019
"3957",2,51.596447517121
"3958",2,46.3840175183883
"3959",2,61.2382605955672
"3960",2,75.106113194859
"3961",2,32.6840235044221
"3962",2,44.8005456587147
"3963",2,63.4625420589385
"3964",2,42.1728917689968
"3965",2,31.8193085963786
"3966",2,28.2267031309919
"3967",2,60.6549863403264
"3968",2,84.3157643082714
"3969",2,27.7329220732223
"3970",2,40.9977341429856
"3971",2,22.9374611704321
"3972",2,40.463274297563
"3973",2,35.7713472253688
"3974",2,39.4097235603535
"3975",2,91.0306713771053
"3976",2,24.4236608048567
"3977",2,45.3846706316183
"3978",2,68.5440685735159
"3979",2,32.2889312465786
"3980",2,30.0497923279418
"3981",2,40.1859300218293
"3982",2,58.9292310078274
"3983",2,35.3456564836767
"3984",2,27.9457031422959
"3985",2,40.4746947006938
"3986",2,19.3176683776252
"3987",2,23.741459256961
"3988",2,55.3503792786537
"3989",2,45.7636593125424
"3990",2,18.1667043805802
"3991",2,48.0652228505685
"3992",2,17.2430042946273
"3993",2,34.1366915756314
"3994",2,43.536055476939
"3995",2,24.1572135451953
"3996",2,58.3660765293922
"3997",2,57.4713538295877
"3998",2,31.5902141918155
"3999",2,55.917164954011
"4000",2,42.1394237879633
"4001",2,48.546371832738
"4002",2,48.8575228005117
"4003",2,25.4681614624473
"4004",2,19.2552354529316
"4005",2,75.9166276312379
"4006",2,42.6084020462013
"4007",2,44.5906870153767
"4008",2,26.3232212692059
"4009",2,56.1071578234266
"4010",2,68.6741479571844
"4011",2,62.9089287348881
"4012",2,19.2739153223447
"4013",2,27.7999860553543
"4014",2,40.8304928122956
"4015",2,49.2443314715713
"4016",2,33.0359558568253
"4017",2,29.6415152638259
"4018",2,42.5867278433939
"4019",2,28.7796062387736
"4020",2,72.6488015618382
"4021",2,20.8089718437359
"4022",2,46.4791592418239
"4023",2,19.4802266356952
"4024",2,33.5955743717456
"4025",2,62.1322369337197
"4026",2,55.9294566948454
"4027",2,24.4130653299593
"4028",2,23.7358068864893
"4029",2,40.312945855351
"4030",2,28.6749843316268
"4031",2,45.013016361008
"4032",2,28.3631887799213
"4033",2,22.5791447369083
"4034",2,34.3301917719813
"4035",2,26.0279160038
"4036",2,55.353306983368
"4037",2,35.4438484204546
"4038",2,39.0814815825467
"4039",2,60.3091407442621
"4040",2,69.0249637707041
"4041",2,38.8900861212007
"4042",2,44.0025190165797
"4043",2,59.0754741918858
"4044",2,37.3756635312228
"4045",2,27.7691867845421
"4046",2,53.8575836853663
"4047",2,23.3119622904736
"4048",2,36.5135226993288
"4049",2,34.6546374808345
"4050",2,33.2738398731207
"4051",2,14.3399048964639
"4052",2,32.5559053677313
"4053",2,58.3459671322051
"4054",2,33.8856294475363
"4055",2,32.2005199429606
"4056",2,31.6849625691047
"4057",2,29.4741189641663
"4058",2,41.4659693103026
"4059",2,47.6998482636808
"4060",2,61.5016787084555
"4061",2,22.9544167655586
"4062",2,44.8666673981564
"4063",2,37.6370722060898
"4064",2,43.3413611429374
"4065",2,27.8869594728427
"4066",2,40.1497054111968
"4067",2,26.6987268638108
"4068",2,48.6890277533173
"4069",2,28.7436661759583
"4070",2,40.3836236900661
"4071",2,18.5057907372784
"4072",2,43.9144594755371
"4073",2,55.6985608225146
"4074",2,50.2931455098315
"4075",2,54.8164613872091
"4076",2,24.8096597825371
"4077",2,37.4390926936361
"4078",2,38.6787015579936
"4079",2,49.5958915543951
"4080",2,37.4577831113746
"4081",2,37.0229374972713
"4082",2,65.6435414507403
"4083",2,55.4234926155781
"4084",2,21.3648102391326
"4085",2,34.8589707991232
"4086",2,28.2808356589
"4087",2,92.8357623885105
"4088",2,33.5954424335387
"4089",2,56.363182859928
"4090",2,40.8105769326733
"4091",2,40.9753057836444
"4092",2,46.2842953730853
"4093",2,37.7679834436463
"4094",2,51.3186271981135
"4095",2,47.2181118495146
"4096",2,21.9506949878443
"4097",2,32.9045957712705
"4098",2,33.2669731513502
"4099",2,33.4619314529795
"4100",2,55.0051106759286
"4101",2,62.1800248038477
"4102",2,28.9914802688694
"4103",2,46.9508677362421
"4104",2,26.5441151214784
"4105",2,32.8881738020332
"4106",2,43.521983348542
"4107",2,37.1983557477881
"4108",2,31.5295139180103
"4109",2,25.7164454068629
"4110",2,35.7168201301099
"4111",2,40.2402017190922
"4112",2,47.2532195189605
"4113",2,29.4630026332589
"4114",2,47.6115183943483
"4115",2,26.6007784666308
"4116",2,33.0110129072974
"4117",2,45.6436439283429
"4118",2,31.3988924434754
"4119",2,30.4679045368926
"4120",2,38.961164817266
"4121",2,40.0194437147833
"4122",2,52.9070113832124
"4123",2,36.6570231041098
"4124",2,21.8208237723422
"4125",2,31.7972084201519
"4126",2,32.0748646946632
"4127",2,28.8843271611841
"4128",2,43.8445501150099
"4129",2,82.174282596909
"4130",2,50.7213997305448
"4131",2,37.6172539988636
"4132",2,46.405414449734
"4133",2,61.3970549839762
"4134",2,35.7465253674321
"4135",2,48.7602035481032
"4136",2,47.2483427816774
"4137",2,38.0162233589482
"4138",2,40.2927021246605
"4139",2,48.5727945193521
"4140",2,39.2289134890155
"4256",2,38.3556519266072
"4257",2,45.6206741771685
"4258",2,25.6065674030459
"4259",2,48.6081714470695
"4260",2,33.1368232733642
"4261",2,78.6635067908942
"4262",2,32.4512598066386
"4263",2,13.5494115260884
"4264",2,60.1613989175702
"4265",2,32.4256365928348
"4266",2,47.7023454659625
"4267",2,42.5321201316022
"4268",2,55.5114867450913
"4269",2,29.180863479331
"4270",2,26.3603237311771
"4271",2,54.9999725428122
"4272",2,28.6184967859974
"4273",2,23.2334766331335
"4274",2,50.4733748604513
"4275",2,38.7346839249775
"4276",2,77.4222146073389
"4277",2,44.1448252098241
"4278",2,35.2282682617025
"4279",2,32.1109599269267
"4280",2,65.7633721820002
"4281",2,26.1154006542177
"4282",2,48.0555722813754
"4283",2,47.2451505331976
"4284",2,32.7126427644492
"4285",2,63.0496855288752
"4286",2,30.8069928233155
"4287",2,39.3150888996396
"4288",2,44.7583609060497
"4289",2,78.360843956423
"4290",2,48.0288823435745
"4291",2,66.6360413870542
"4292",2,31.0110074161081
"4293",2,21.4544039134605
"4294",2,52.1968266903916
"4295",2,22.4241407694321
"4296",2,24.9346432586744
"4297",2,47.9643032866984
"4298",2,38.8543595324555
"4299",2,51.5368143515816
"4300",2,61.228280976767
"4301",2,52.5640437135923
"4302",2,44.6841849511349
"4303",2,47.1045420200421
"4304",2,41.4501368561706
"4305",2,66.2045087522464
"4306",2,40.2387930882046
"4307",2,50.9207310992687
"4308",2,28.8052324502578
"4309",2,40.0686285138539
"4310",2,19.4703640081089
"4311",2,41.3694296406395
"4312",2,23.6289227950334
"4313",2,37.8890365994168
"4314",2,36.5755811869884
"4315",2,53.5030843049527
"4316",2,31.9459166586467
"4317",2,31.7063079523183
"4318",2,19.6577161618215
"4319",2,48.1060326691769
"4320",2,55.3864801968667
"4321",2,36.7456079807016
"4322",2,62.0594562004021
"4323",2,34.5663841475003
"4324",2,28.1792482456425
"4325",2,42.5780747344277
"4326",2,49.0860228063457
"4327",2,23.5830136204538
"4328",2,22.36382470588
"4329",2,40.1614641369796
"4330",2,46.0721924137996
"4331",2,16.96981636358
"4332",2,21.7762697544298
"4333",2,43.6498273031877
"4334",2,52.1870809478757
"4335",2,34.9018864432212
"4336",2,57.2352422072245
"4337",2,32.2584450296108
"4338",2,37.4711461949627
"4339",2,59.7745729603081
"4340",2,38.5295893586381
"4341",2,39.8961297067
"4342",2,29.2156541822678
"4343",2,40.4286552275951
"4344",2,31.9236530086704
"4345",2,21.0174309893819
"4346",2,28.4982915348462
"4347",2,36.5933297628652
"4348",2,41.6997844526253
"4349",2,55.0498728344178
"4350",2,40.059479606006
"4351",2,37.9569122904702
"4352",2,55.6724744796353
"4353",2,80.3070865911942
"4354",2,38.4808788368378
"4355",2,56.860532918834
"4356",2,46.1544692655348
"4357",2,38.5988511914935
"4358",2,20.0589523168591
"4359",2,28.5278850652435
"4360",2,32.891936784158
"4361",2,27.1174709520126
"4362",2,26.6255582668827
"4363",2,34.5296332856625
"4364",2,53.1828321155656
"4365",2,29.0080009196542
"4366",2,41.0981918694606
"4367",2,37.0264276998318
"4368",2,50.7050243071244
"4369",2,40.0582213114934
"4370",2,37.4530946412268
"4371",2,32.5860085724526
"4372",2,52.2366465885618
"4373",2,56.21917065666
"4374",2,39.8133502383319
"4375",2,100.144019755236
"4376",2,39.5255233773885
"4377",2,91.7092080352608
"4378",2,37.8765684508727
"4379",2,22.9148615701906
"4380",2,24.1902560017022
"4381",2,29.5078661218056
"4382",2,62.0269865547043
"4383",2,66.1103116400339
"4384",2,44.898322962623
"4385",2,43.6598052429679
"4386",2,33.113820544636
"4387",2,31.5704606167585
"4388",2,31.1253399942148
"4389",2,29.5173672165349
"4390",2,33.0804809379542
"4391",2,32.1603826315954
"4392",2,46.7640726502851
"4393",2,50.3641609478733
"4394",2,64.2690665473453
"4395",2,16.2685377197402
"4396",2,46.282612191055
"4397",2,35.6372558304677
"4398",2,36.2589411462692
"4399",2,22.3128108508231
"4400",2,39.1444942953919
"4401",2,30.505868478918
"4402",2,44.3135546052169
"4403",2,27.0922335597311
"4404",2,104.568270862304
"4405",2,30.4414513235378
"4406",2,36.0693427136507
"4407",2,25.985061869301
"4408",2,35.5577908772575
"4409",2,74.4687020794382
"4410",2,34.8323514531305
"4411",2,47.955961541823
"4412",2,28.808646378155
"4413",2,63.0971897424494
"4414",2,45.8995614314541
"4415",2,31.1389832810638
"4416",2,42.5955507494256
"4417",2,34.832682650578
"4418",2,46.4779535969007
"4419",2,30.1540211484802
"4420",2,45.8263333499253
"4421",2,63.9057709125671
"4422",2,58.2857089299125
"4423",2,43.6116364204646
"4424",2,44.0072293137218
"4425",2,45.2347106994854
"4426",2,52.3382757578898
"4427",2,44.7345341862094
"4428",2,47.8954014324333
"4429",2,48.3638245682322
"4430",2,42.559820573713
"4431",2,49.5997215948334
"4432",2,40.3094868763987
"4433",2,54.1318095509309
"4434",2,34.3523271618791
"4435",2,42.1021809438038
"4436",2,39.9811040961762
"4437",2,27.4689443208918
"4438",2,57.2085228104554
"4439",2,26.6142335772938
"4440",2,59.0075339652639
"4441",2,27.5247026086639
"4442",2,28.3817986330588
"4443",2,51.7523560771691
"4444",2,38.5272338238357
"4445",2,20.6524259264624
"4446",2,62.4718526682054
"4447",2,16.0056654457132
"4448",2,31.3987784320571
"4449",2,23.349241536697
"4450",2,32.7665766066777
"4451",2,40.7112560008831
"4452",2,35.4587943449892
"4453",2,32.6453151455342
"4454",2,37.5068447505267
"4455",2,43.121174678655
"4456",2,29.6704301380558
"4457",2,18.8911820589822
"4458",2,28.9502715312286
"4459",2,20.1874315280784
"4460",2,48.3271904030228
"4461",2,69.2616203305866
"4462",2,26.7770007492392
"4463",2,29.3639089914986
"4464",2,29.4659211048941
"4465",2,50.6328404720562
"4466",2,39.9666626061179
"4467",2,46.1940876782049
"4468",2,50.3740996818763
"4469",2,42.8310768276675
"4470",2,45.6074850028993
"4471",2,26.6129699775888
"4472",2,38.7784502584564
"4473",2,32.2329037262944
"4474",2,25.277224904375
"4475",2,26.5515995004202
"4476",2,52.9564914301304
"4477",2,25.3166919520627
"4478",2,34.6293909958362
"4479",2,53.6714162145889
"4480",2,43.9461415609473
"4481",2,48.5795769058881
"4482",2,43.9754509569306
"4483",2,37.6909099542655
"4484",2,17.9821969842746
"4485",2,32.313036587702
"4716",2,46.2256055554107
"4717",2,33.5971770115209
"4718",2,35.5538261411017
"4719",2,27.512008607654
"4720",2,34.2846697036732
"4721",2,39.2465021141662
"4722",2,31.0051570431229
"4723",2,34.8811343624401
"4724",2,27.2098881984279
"4725",2,50.034487087012
"4726",2,76.0079348058582
"4727",2,34.3872260194377
"4728",2,45.8755220095979
"4729",2,63.883825144301
"4730",2,34.8609157197128
"4731",2,34.8058448084982
"4732",2,48.5042131140232
"4733",2,28.681363245503
"4734",2,37.3919499611921
"4735",2,32.9319842887232
"4736",2,28.525021728781
"4737",2,45.2233191715089
"4738",2,37.8154039319439
"4739",2,75.1847754179874
"4740",2,13.8087806654683
"4741",2,48.4746201315551
"4742",2,30.0290854450237
"4743",2,36.0211877660745
"4744",2,27.3257544068535
"4745",2,47.4892138877337
"4746",2,59.8726565741495
"4747",2,46.1964438898797
"4748",2,29.0929758068997
"4749",2,64.4749001960902
"4750",2,37.5076967868245
"4751",2,41.9011295209526
"4752",2,38.9370380586671
"4753",2,36.8704275485976
"4754",2,40.6106246553642
"4755",2,27.8984961268796
"4756",2,56.4488477875204
"4757",2,48.4901625113239
"4758",2,40.5825926611228
"4759",2,53.07997677338
"4760",2,26.0473289336566
"4761",2,55.3285873498171
"4762",2,42.3469557363776
"4763",2,46.3989986460364
"4764",2,34.0363042702778
"4765",2,30.439393920161
"4766",2,33.0099920602892
"4767",2,54.5343315813528
"4768",2,55.4209007178046
"4769",2,63.3941912965532
"4770",2,38.7758141282532
"4771",2,30.7175385867029
"4772",2,61.9216431306284
"4773",2,23.075961482771
"4774",2,37.5673495603185
"4775",2,47.8537264966341
"4776",2,26.6156543763707
"4777",2,23.005871422866
"4778",2,46.1974957839691
"4779",2,64.5948835286827
"4780",2,31.1593638822491
"4781",2,31.4619383714199
"4782",2,28.7901451077932
"4783",2,62.1391414604299
"4784",2,31.2325346431787
"4785",2,29.860785718678
"4786",2,30.210370137182
"4787",2,32.5447641564349
"4788",2,32.4359805294355
"4789",2,47.9006600367462
"4790",2,43.5667805267038
"4791",2,45.9908872000157
"4792",2,32.0778314318871
"4793",2,49.6610990839787
"4794",2,12.6741194121006
"4795",2,56.027206192559
"4796",2,42.1836371038851
"4797",2,34.6203996533421
"4798",2,46.0020215854264
"4799",2,26.0381637191537
"4800",2,32.050241916744
"4801",2,40.9797905920222
"4802",2,22.9847419643212
"4803",2,39.0509744444421
"4804",2,39.1006566311312
"4805",2,36.108583775561
"4806",2,25.3851620789491
"4807",2,56.6744028783306
"4808",2,23.6543653967981
"4809",2,23.7268204561022
"4810",2,32.6032196360347
"4811",2,63.293897031033
"4812",2,40.949732712053
"4813",2,42.9904566441068
"4814",2,36.8681415648745
"4815",2,43.1441104828631
"4816",2,48.2953623593265
"4817",2,49.4040977143269
"4818",2,60.1370407723263
"4819",2,30.4841898992762
"4820",2,37.5768662472516
"4821",2,45.1223850623374
"4822",2,51.1971182095887
"4823",2,35.4649229962858
"4824",2,48.5561913797787
"4825",2,32.9847706650499
"4826",2,35.3650964995387
"4827",2,54.1455968161446
"4828",2,20.356296317798
"4829",2,42.4755210082602
"4830",2,52.7720436143662
"4831",2,35.3261800553084
"4832",2,48.172109424051
"4833",2,31.2480309409833
"4834",2,41.8006644074804
"4835",2,39.6891877133189
"4836",2,39.1989792767318
"4837",2,25.5457802213643
"4838",2,37.5217203167321
"4839",2,30.106243509464
"4840",2,35.1517034271975
"4841",2,54.3404478706537
"4842",2,32.781914708435
"4843",2,39.1463860032657
"4844",2,40.899083883049
"4845",2,37.1917067631938
"4846",2,50.9045294712908
"4847",2,39.0230494858873
"4848",2,41.5837064672817
"4849",2,29.3140798361401
"4850",2,34.8864275250196
"4851",2,31.8936942643998
"4852",2,45.9841730101899
"4853",2,56.4209692802246
"4854",2,33.9799155636338
"4855",2,17.8713720191402
"4856",2,29.7768145671793
"4857",2,28.864526980727
"4858",2,56.9066842326323
"4859",2,41.4258616381657
"4860",2,63.5721484735603
"4861",2,44.9446093125062
"4862",2,23.1137570508626
"4863",2,46.2796115275042
"4864",2,30.8048777145695
"4865",2,39.5715611435099
"4866",2,38.2778107013925
"4867",2,37.7504774487776
"4868",2,35.4844678394006
"4869",2,70.2470818547366
"4870",2,62.5866659029738
"4871",2,29.324324910512
"4872",2,42.1679927605514
"4873",2,56.4182481560403
"4874",2,55.6132972264253
"4875",2,29.2616846755878
"4876",2,60.8184762978198
"4877",2,31.2685070809747
"4878",2,41.2097706929492
"4879",2,41.7679985588116
"4880",2,20.0658858233347
"4881",2,37.8836646740764
"4882",2,18.7025837469005
"4883",2,19.7087575633129
"4884",2,43.8253957902835
"4885",2,44.1120192340368
"4886",2,53.5400103822448
"4887",2,44.6452488652655
"4888",2,31.6020146130435
"4889",2,30.2450890200487
"4890",2,50.8809109306224
"4891",2,61.5427684989455
"4892",2,50.7923989582741
"4893",2,42.4132298571041
"4894",2,38.6875660559947
"4895",2,64.7295407076753
"4896",2,15.9849902344752
"4897",2,53.8369001663616
"4898",2,37.4588484555103
"4899",2,26.9539216450389
"4900",2,51.3762768239998
"4901",2,28.3999135243338
"4902",2,44.1503223168271
"4903",2,41.991935138968
"4904",2,41.4021115939306
"4905",2,20.5977389632846
"4906",2,41.6836651807859
"4907",2,33.6085716907319
"4908",2,31.2772449734028
"4909",2,26.4120579833802
"4910",2,26.8420748761928
"4911",2,29.7758717123506
"4912",2,58.0186468607736
"4913",2,49.2191755639776
"4914",2,43.1984864175599
"4915",2,66.3551011530262
"4916",2,64.4311989303142
"4917",2,52.4101963503227
"4918",2,26.4137586032613
"4919",2,61.226616327401
"4920",2,37.0369948960824
"4921",2,36.5447078804292
"4922",2,42.6915818589005
"4923",2,40.3757016975282
"4924",2,33.6006056383797
"4925",2,49.0648296533106
"4926",2,33.7352942960461
"4927",2,32.8019739543179
"4928",2,36.4044812737244
"4929",2,30.6789832257568
"4930",2,41.567560289751
"4931",2,38.3328326999417
"4932",2,35.9056964277044
"4933",2,45.8345352192908
"4934",2,20.8142685972346
"4935",2,42.8936152446237
"4936",2,52.3833020052844
"4937",2,52.0573251374002
"4938",2,76.460484198711
"4939",2,31.9721623737651
"4940",2,28.4016703649171
"4941",2,43.9024566190486
"4942",2,21.9493144075346
"4943",2,57.4073383042229
"4944",2,27.734763792214
"4945",2,45.4757712613738
"4946",2,35.4084211506791
"4947",2,16.7316953211416
"4948",2,42.9874390181187
"4949",2,27.1874202446745
"4950",2,52.7146222477571
"4951",2,16.2495267425448
"4952",2,37.9122478591143
"4953",2,27.6728275157741
"4954",2,56.0183666613705
"4955",2,31.0188058299376
"4956",2,52.9205920201123
"4957",2,33.8922439163896
"4958",2,41.2517125905999
"4959",2,61.7426386027767
"4960",2,31.5108773881968
"4961",2,68.2768150088553
"4962",2,53.7288602931743
"4963",2,58.656995303253
"4964",2,17.6509183445719
"4965",2,37.4487445578432
"4966",2,23.8192667086261
"4967",2,50.1882175302971
"4968",2,57.6103503795443
"4969",2,32.2171267452489
"4970",2,33.3977571377911
"4971",2,22.4822507006068
"4972",2,50.6718738540361
"4973",2,61.7279486411936
"4974",2,21.8278923064305
"4975",2,20.9126293434364
"4976",2,56.2986642186621
"4977",2,59.753832507771
"4978",2,44.5336353242564
"4979",2,42.7553486316556
"4980",2,32.1761314386475
"4981",2,44.0814593455068
"4982",2,34.0772890170874
"4983",2,72.6434134792663
"4984",2,34.1094704399218
"4985",2,12.1649617481888
"4986",2,46.3521559206711
"4987",2,25.719309150496
"4988",2,51.1613866487768
"4989",2,23.1263535581999
"4990",2,36.3504446210701
"4991",2,44.7973012771051
"4992",2,37.0962844853183
"4993",2,19.8575760352371
"4994",2,24.1646639896654
"4995",2,29.7258520773515
"4996",2,64.6573494179728
"4997",2,37.9664603712424
"4998",2,58.503796372091
"4999",2,41.9112437367983
"5000",2,33.5972674926041
"5001",2,56.0254142844327
"5002",2,26.7627041081689
"5003",2,62.0733114405982
"5004",2,52.6183122597333
"5005",2,44.0273564998521
"5006",2,47.4347598661722
"5007",2,42.2342848932191
"5008",2,34.1358584922849
"5009",2,35.3409275061229
"5010",2,32.3683019074564
"5011",2,57.8781522122741
"5012",2,47.7983844798685
"5013",2,38.1893890797677
"5014",2,26.840545888353
"5015",2,43.8162904372158
"5016",2,28.1370879514502
"5017",2,29.7134569347742
"5018",2,72.5550640629771
"5019",2,24.447898349492
"5020",2,29.3890278486952
"5021",2,32.6236078101471
"5022",2,32.4577099289201
"5023",2,26.9691458954092
"5024",2,37.2130130280756
"5025",2,27.8243634000742
"5026",2,59.6488819641188
"5027",2,41.1685047909609
"5028",2,51.7097111166869
"5029",2,24.3631287207229
"5030",2,39.3790412661509
"5031",2,47.0109429694137
"5032",2,40.834691942926
"5033",2,39.7896122665501
"5034",2,27.8615825053175
"5035",2,32.094121098302
"5036",2,34.6227314023192
"5037",2,30.2278028062236
"5038",2,50.2572410639666
"5039",2,67.1617698082001
"5040",2,59.179714681263
"5041",2,45.2535901714195
"5042",2,38.0700648875722
"5043",2,47.4542023114559
"5044",2,30.3726659080311
"5045",2,43.0632843047427
"5046",2,41.7375081023755
"5047",2,16.9661438155604
"5048",2,69.7715132825724
"5049",2,25.0318835067092
"5050",2,15.1253144067391
"5051",2,39.559450275052
"5052",2,40.9566835472932
"5053",2,39.4614298924758
"5054",2,41.3937078066513
"5055",2,26.3996271268512
"5056",2,47.6956876300098
"5057",2,60.310814038342
"5058",2,29.847403793884
"5059",2,43.6237578843784
"5060",2,36.2047943378053
"5291",2,40.3288883090209
"5292",2,33.4740058726476
"5293",2,49.1400770705566
"5294",2,22.1697920005367
"5295",2,36.792045699822
"5296",2,48.1509224669739
"5297",2,65.8138588479483
"5298",2,29.1272771117277
"5299",2,27.0359155140381
"5300",2,38.1959121730815
"5301",2,38.8323444226064
"5302",2,50.1694543002369
"5303",2,38.1188834159717
"5304",2,32.6991389312676
"5305",2,69.6422817545477
"5306",2,35.5106790430136
"5307",2,52.0641585537247
"5308",2,49.9624035773228
"5309",2,34.2198217465342
"5310",2,65.3540307584248
"5311",2,26.6777766651796
"5312",2,28.8293595956535
"5313",2,56.6797384940191
"5314",2,23.0285345073632
"5315",2,48.3570922291793
"5316",2,42.1514875238467
"5317",2,49.8874459788643
"5318",2,50.5263785666819
"5319",2,31.6913678159694
"5320",2,31.4864669313434
"5321",2,51.0308327153413
"5322",2,52.1815937313302
"5323",2,27.0838713305187
"5324",2,25.9556904847732
"5325",2,27.4639954007841
"5326",2,39.3749330498797
"5327",2,39.2948467805175
"5328",2,78.4546016020257
"5329",2,46.8949543835936
"5330",2,37.6654772539415
"5331",2,33.2152673416318
"5332",2,33.1351690133529
"5333",2,32.1914023138903
"5334",2,27.2736255328709
"5335",2,41.8480917770377
"5336",2,11.8918356451554
"5337",2,26.5472065957736
"5338",2,53.8153524076731
"5339",2,41.5080571734279
"5340",2,47.1425327496687
"5341",2,32.5249392589582
"5342",2,60.8143426683774
"5343",2,35.8872945565872
"5344",2,47.6202929266988
"5345",2,39.7391916552031
"5346",2,46.0530145626388
"5347",2,34.2001228118948
"5348",2,57.9682404506941
"5349",2,33.3315251712014
"5350",2,90.2175887774912
"5351",2,37.5323062410482
"5352",2,41.2029643043447
"5353",2,32.1884039608147
"5354",2,49.7898388856838
"5355",2,42.0366822334627
"5356",2,48.3270806752809
"5357",2,49.4899545460288
"5358",2,30.5812790584434
"5359",2,51.2093296071857
"5360",2,26.3524783574414
"5361",2,41.563326387446
"5362",2,52.5621120918521
"5363",2,22.7376059749528
"5364",2,34.2007471478598
"5365",2,34.6452728209839
"5366",2,18.9844381791133
"5367",2,37.0316480605851
"5368",2,60.7797932058888
"5369",2,24.3455111663576
"5370",2,27.2219751477848
"5371",2,34.7602749267973
"5372",2,38.8077982179886
"5373",2,40.9240368378648
"5374",2,42.0382311553968
"5375",2,36.1172453106099
"5376",2,79.120419002778
"5377",2,34.1290391554986
"5378",2,24.9971950305255
"5379",2,22.9656504496249
"5380",2,37.0693030627834
"5381",2,33.0831624838308
"5382",2,54.7498947681738
"5383",2,37.2195522869644
"5384",2,40.5874647848256
"5385",2,22.5154283030185
"5386",2,36.5777440159756
"5387",2,36.1929563475432
"5388",2,24.3845696204567
"5389",2,29.0817858375271
"5390",2,29.4900916153327
"5391",2,51.2298264232699
"5392",2,47.19194839456
"5393",2,49.208069169511
"5394",2,60.7489050958681
"5395",2,35.6025582627756
"5396",2,56.9450719060093
"5397",2,36.2668216241376
"5398",2,56.4980638231676
"5399",2,25.7575417848574
"5400",2,32.3642434623166
"5401",2,52.5746078449663
"5402",2,65.2623434915226
"5403",2,39.0683252684289
"5404",2,35.4853855120548
"5405",2,48.1900075963929
"5406",2,38.0409929880582
"5407",2,39.7385804928139
"5408",2,42.8905130599379
"5409",2,55.4001240338678
"5410",2,27.5531681205218
"5411",2,34.2024138027415
"5412",2,47.8105454558998
"5413",2,18.3854281763663
"5414",2,58.841944845727
"5415",2,31.8762540192793
"5416",2,27.7619140188168
"5417",2,41.7522896916848
"5418",2,76.5018810328952
"5419",2,31.6181720225525
"5420",2,23.573426693158
"5421",2,37.8854921776731
"5422",2,56.7314854152623
"5423",2,36.1303299551952
"5424",2,47.8019636732386
"5425",2,56.5051820644497
"5426",2,21.7132662293916
"5427",2,47.806935235035
"5428",2,33.3378672830567
"5429",2,38.8061643633246
"5430",2,76.7338315982194
"5431",2,42.8912578656894
"5432",2,50.9766714178862
"5433",2,28.3058687836435
"5434",2,45.3572862094488
"5435",2,38.0046180446305
"5436",2,36.6746661047276
"5437",2,47.1907950814805
"5438",2,23.4888836131315
"5439",2,60.4820586422105
"5440",2,77.5144554247434
"5441",2,34.2030379865252
"5442",2,46.6234743495416
"5443",2,72.8548656621863
"5444",2,29.3986650141473
"5445",2,40.1706117558968
"5446",2,78.0571648051314
"5447",2,28.9562327362607
"5448",2,53.2398349448283
"5449",2,45.9730698087472
"5450",2,35.1103584133598
"5451",2,44.3983644177481
"5452",2,35.474736530331
"5453",2,50.2051105732481
"5454",2,33.4226986204023
"5455",2,21.3590580015774
"5456",2,51.0139194241854
"5457",2,56.1034860273608
"5458",2,41.0108984394203
"5459",2,29.937083813183
"5460",2,33.7290558267133
"5461",2,25.1636130688649
"5462",2,24.5253243269533
"5463",2,56.104577256286
"5464",2,19.0126470546758
"5465",2,47.2016533713431
"5466",2,34.8640572392885
"5467",2,25.0859337957329
"5468",2,36.6676626779591
"5469",2,37.1967827840951
"5470",2,57.2667086122506
"5471",2,79.9611404502027
"5472",2,68.3584115926634
"5473",2,64.7034671629168
"5474",2,64.5006043655516
"5475",2,52.8161850838676
"5476",2,34.0500186700978
"5477",2,41.8002047287073
"5478",2,23.2603007829729
"5479",2,30.486553520717
"5480",2,29.4917126218114
"5481",2,27.3123858409158
"5482",2,60.8684254543902
"5483",2,46.3533881142409
"5484",2,43.057699557859
"5485",2,39.4190020751509
"5486",2,53.7252928169528
"5487",2,52.1229591124648
"5488",2,29.1645219854276
"5489",2,19.4234051573718
"5490",2,26.4610599793685
"5491",2,33.5893471487593
"5492",2,39.5223283028314
"5493",2,62.4715931241779
"5494",2,48.3187576724794
"5495",2,49.0734434180249
"5496",2,50.9720437619295
"5497",2,37.9194228300081
"5498",2,27.4696435886217
"5499",2,29.2395204815664
"5500",2,24.7979626419486
"5501",2,25.3891507282827
"5502",2,23.3764532981349
"5503",2,51.7257074265574
"5504",2,26.1183292854206
"5505",2,48.0864569463784
"5506",2,78.8288430248779
"5507",2,37.0870294491017
"5508",2,37.2585532522088
"5509",2,51.4084178756672
"5510",2,39.3783975262303
"5511",2,30.6349012522752
"5512",2,24.2369023692418
"5513",2,40.7718308180822
"5514",2,34.365040891734
"5515",2,44.8247818686442
"5516",2,43.2966013829994
"5517",2,58.8861082560183
"5518",2,47.8090640353707
"5519",2,56.1709028988137
"5520",2,40.4633160295219
"5521",2,51.0558441241582
"5522",2,36.488634556475
"5523",2,37.6320978447916
"5524",2,40.5285183669256
"5525",2,27.1169234069175
"5526",2,26.2036764402491
"5527",2,35.9682285724932
"5528",2,24.3970471516352
"5529",2,40.8028676692539
"5530",2,50.7850733501521
"5531",2,29.3946794147547
"5532",2,40.2336038977706
"5533",2,23.1704797864227
"5534",2,52.9132391342303
"5535",2,35.1802813925842
"5536",2,62.9564067285536
"5537",2,40.1018146556569
"5538",2,69.0640271329774
"5539",2,44.0239747511442
"5540",2,37.1892733050159
"5541",2,54.14433002018
"5542",2,46.7844935778984
"5543",2,32.9056288912481
"5544",2,49.3255951040566
"5545",2,48.2610925406057
"5546",2,44.5526366507
"5547",2,35.1886358305585
"5548",2,38.9245360860281
"5549",2,52.032665698176
"5550",2,55.9775271334748
"5551",2,43.5141013201478
"5552",2,30.180489604256
"5553",2,50.1051211379531
"5554",2,41.5172925028253
"5555",2,56.1867643643671
"5556",2,22.6529026363934
"5557",2,30.8442675551501
"5558",2,46.8236670437979
"5559",2,24.8369951071449
"5560",2,87.661759036482
"5561",2,29.7115365942719
"5562",2,45.5986679730974
"5563",2,21.5971814309023
"5564",2,75.910994321685
"5565",2,49.6807569100872
"5566",2,33.3736353611389
"5567",2,43.0117494305477
"5568",2,31.205172606467
"5569",2,21.6671322933724
"5570",2,27.3193362482249
"5571",2,29.0974443610996
"5572",2,56.2524232712524
"5573",2,45.8689977824026
"5574",2,35.0252628609961
"5575",2,36.3808181052276
"5576",2,55.1187442151629
"5577",2,28.1604751603566
"5578",2,47.7970804770681
"5579",2,28.863617480013
"5580",2,49.5424594222633
"5581",2,58.1870297017595
"5582",2,34.2470790528814
"5583",2,45.7353943866326
"5584",2,17.9405059733317
"5585",2,43.8713495317791
"5586",2,43.7410853601979
"5587",2,45.2930436020799
"5588",2,57.5020579130368
"5589",2,28.6690619285646
"5590",2,60.6363329489191
"5591",2,28.5972051260852
"5592",2,22.3694504763585
"5593",2,75.9286535941447
"5594",2,51.0638522205734
"5595",2,50.2521785981244
"5596",2,48.2661714846014
"5597",2,36.9567126415125
"5598",2,54.0898774645396
"5599",2,61.2773817259594
"5600",2,22.9921893086419
"5601",2,26.8004199962031
"5602",2,31.0749601107495
"5603",2,46.7249543661279
"5604",2,16.9721616874307
"5605",2,37.5853022171676
"5606",2,23.9585269416072
"5607",2,35.3212923375441
"5608",2,22.605690829903
"5609",2,56.7351161362559
"5610",2,36.1432145916296
"5611",2,37.1276191427901
"5612",2,62.2701410279845
"5613",2,29.5766493311389
"5614",2,23.1223483421365
"5615",2,32.1969790423873
"5616",2,31.8312203732443
"5617",2,44.2384656716274
"5618",2,35.6691351494024
"5619",2,24.3114966785475
"5620",2,37.2588917290077
"5621",2,47.7551207888125
"5622",2,24.9236143715643
"5623",2,53.966196622891
"5624",2,49.4050119790745
"5625",2,62.4194477143585
"5626",2,35.5259925372793
"5627",2,45.2503174176405
"5628",2,29.4900811157661
"5629",2,36.3766467586455
"5630",2,27.6681489151744
"5631",2,55.1711200334298
"5632",2,23.9814694999174
"5633",2,48.0220335785182
"5634",2,31.4948802593489
"5635",2,27.7266030487196
"5636",2,61.7172665640991
"5637",2,40.9507213806621
"5638",2,44.0021616330192
"5639",2,42.1120739147824
"5640",2,48.5830198921199
"5641",2,61.9651031033923
"5642",2,40.3638600088927
"5643",2,57.5789742163383
"5644",2,16.9500109904789
"5645",2,48.24987682554
"5646",2,45.253702698384
"5647",2,41.9298269403532
"5648",2,41.2157977898217
"5649",2,34.014364224482
"5650",2,32.1561328484943
"5651",2,55.5006064105963
"5652",2,37.2260997222282
"5653",2,56.918788564115
"5654",2,34.831806545855
"5655",2,28.0680233926724
"5656",2,61.4638916752817
"5657",2,38.3173623909207
"5658",2,57.5179591758089
"5659",2,25.9546404558311
"5660",2,44.3435810626278
"5661",2,35.6701063368811
"5662",2,70.886399305666
"5663",2,59.0513680457183
"5664",2,47.2248269249939
"5665",2,33.4527983476296
"5666",2,53.6863710149088
"5667",2,49.6185512723074
"5668",2,23.9948833382172
"5669",2,57.0270798370178
"5670",2,51.6919510422668
"5671",2,37.2149136717199
"5672",2,78.1272254754996
"5673",2,53.1980582279417
"5674",2,33.3733782485852
"5675",2,52.8541895891363
"5676",2,45.0626654533146
"5677",2,37.3697269839044
"5678",2,11.5150918899065
"5679",2,34.3137589961975
"5680",2,39.8757352807158
"5681",2,49.6441927253193
"5682",2,44.2700772623156
"5683",2,42.5456692238486
"5684",2,62.6466027361412
"5685",2,38.8908301796888
"5686",2,27.6503395884888
"5687",2,33.4911301305869
"5688",2,37.2553519051653
"5689",2,32.6917141510678
"5690",2,20.4988826269391
"5691",2,47.7391366627943
"5692",2,50.6809812702896
"5693",2,30.9297353724931
"5694",2,45.4428611684401
"5695",2,35.6704396706431
"5696",2,35.9118252938442
"5697",2,47.8663996446917
"5698",2,45.186901555648
"5699",2,32.5921046942
"5700",2,30.9753407586029
"5701",2,46.9781044757633
"5702",2,28.2117229421278
"5703",2,31.2718325959461
"5704",2,60.3529719648749
"5705",2,41.65552998327
"5706",2,34.1732553126517
"5707",2,26.466616167269
"5708",2,49.5523619351287
"5709",2,32.9249304516679
"5710",2,40.8185711356712
"5711",2,57.0630365064009
"5712",2,36.8252707049622
"5713",2,54.4518708735049
"5714",2,26.7709156168953
"5715",2,21.3123234161523
"5716",2,43.9183708794283
"5717",2,57.0672811183254
"5718",2,33.2332035017652
"5719",2,36.3943544653369
"5720",2,52.774725839575
"5721",2,34.0489331016354
"5722",2,27.0204348047725
"5723",2,29.9826335677075
"5724",2,37.3937053820086
"5725",2,23.1029047784543
"5726",2,50.9454898809306
"5727",2,47.424806704744
"5728",2,51.4687463614992
"5729",2,63.2261586027671
"5730",2,53.7497727910027
"5731",2,61.4892165860655
"5732",2,35.2616758855414
"5733",2,56.5692145704289
"5734",2,24.8626597978089
"5735",2,48.0043964512932
"5736",2,65.2712450633296
"5737",2,72.9257701454723
"5738",2,43.4189993394395
"5739",2,50.267971467278
"5740",2,27.4252393991285
"5741",2,23.2329064461483
"5742",2,39.4060521015071
"5743",2,43.4456532290565
"5744",2,37.8942891792106
"5745",2,30.2276070183879
"5746",2,26.0467019085534
"5747",2,53.0140354310193
"5748",2,54.0465342182234
"5749",2,37.5642358662577
"5750",2,65.6983749717705
"5866",2,44.4064922404723
"5867",2,38.9242529676195
"5868",2,78.1238329447908
"5869",2,35.6408756640378
"5870",2,39.7010680872759
"5871",2,28.794383995232
"5872",2,42.5942396194342
"5873",2,30.4229425141739
"5874",2,27.820336137825
"5875",2,38.2460561592549
"5876",2,29.1804887536019
"5877",2,29.6007146064583
"5878",2,46.4931533390068
"5879",2,55.3898863251297
"5880",2,51.8784621257206
"5881",2,39.4976369004524
"5882",2,40.7421112957711
"5883",2,30.701701116382
"5884",2,43.4764520596453
"5885",2,53.9297773587906
"5886",2,28.4842093369999
"5887",2,53.9384646990135
"5888",2,31.8642642681954
"5889",2,45.357638197674
"5890",2,24.5157248539446
"5891",2,41.799846602449
"5892",2,59.1029470867894
"5893",2,38.5711863915815
"5894",2,22.8117824183558
"5895",2,64.783513131243
"5896",2,30.0228188033087
"5897",2,28.3976577285885
"5898",2,32.2395057293994
"5899",2,28.2467605790868
"5900",2,42.1485950249844
"5901",2,44.0002096255887
"5902",2,35.1341253529445
"5903",2,51.1546513160433
"5904",2,45.5785497240344
"5905",2,25.5146608898404
"5906",2,48.6877538878666
"5907",2,25.3309936197806
"5908",2,38.5016914575617
"5909",2,36.1739137192698
"5910",2,30.2646934336816
"5911",2,56.0024156332115
"5912",2,39.8952293040353
"5913",2,46.6200476711281
"5914",2,38.9882339201789
"5915",2,29.375537929242
"5916",2,47.5300908716614
"5917",2,30.2858446553387
"5918",2,51.5761104597708
"5919",2,80.3501128916826
"5920",2,44.1387330580236
"5921",2,48.9134280603941
"5922",2,45.45688248795
"5923",2,58.0856139842329
"5924",2,25.7936473105304
"5925",2,28.6384990510117
"5926",2,40.5186011724433
"5927",2,38.8043706377739
"5928",2,26.7250757540966
"5929",2,21.3863387138988
"5930",2,33.8540669268605
"5931",2,65.0366335676794
"5932",2,76.7163326357251
"5933",2,51.3537271155511
"5934",2,22.4928319603274
"5935",2,50.0413249181527
"5936",2,33.0775476035436
"5937",2,41.2277121807177
"5938",2,48.9547129747
"5939",2,65.3079257002158
"5940",2,41.3119844316882
"5941",2,31.2811665028904
"5942",2,50.2745423253281
"5943",2,51.1151319956148
"5944",2,52.4240659158599
"5945",2,56.2928745370837
"5946",2,43.388830542465
"5947",2,28.7733140870706
"5948",2,41.2965741339978
"5949",2,21.3185747113251
"5950",2,56.4089703194862
"5951",2,46.4341832675977
"5952",2,49.3322969833803
"5953",2,41.6659543728077
"5954",2,16.6523146135113
"5955",2,32.3036744741778
"5956",2,53.0628238007498
"5957",2,36.1712768051226
"5958",2,51.382064195315
"5959",2,28.8305244450608
"5960",2,42.9707907922038
"5961",2,32.9895452881735
"5962",2,31.8701809071917
"5963",2,37.236158210764
"5964",2,66.3229997175379
"5965",2,41.8140972430213
"5966",2,42.4875465939072
"5967",2,64.0629266241038
"5968",2,36.0036671818046
"5969",2,46.6079017507267
"5970",2,31.0696582328591
"5971",2,51.5575533701178
"5972",2,24.8911694290174
"5973",2,38.8537348227632
"5974",2,56.0274667789346
"5975",2,59.5795606821491
"5976",2,38.4679126128866
"5977",2,16.6623019898602
"5978",2,65.0379826584591
"5979",2,32.162011624648
"5980",2,49.565435517923
"6096",2,18.9699099381044
"6097",2,45.1609428355823
"6098",2,35.5867241818717
"6099",2,51.4731316737333
"6100",2,29.4720631197225
"6101",2,36.4493605427604
"6102",2,23.1972473987601
"6103",2,23.6705057600386
"6104",2,21.4601303244511
"6105",2,39.8750397245621
"6106",2,14.4123182216042
"6107",2,58.1458473551341
"6108",2,31.8541641190699
"6109",2,39.7519934019971
"6110",2,57.1964004703423
"6111",2,43.5597886505224
"6112",2,45.2373331440388
"6113",2,32.0075007029018
"6114",2,25.3747321408247
"6115",2,48.4195927349809
"6116",2,37.0262693075278
"6117",2,39.563342385772
"6118",2,29.9948626825049
"6119",2,32.8923230257469
"6120",2,17.3357531648027
"6121",2,22.2233940732275
"6122",2,22.9102061516871
"6123",2,37.303946903496
"6124",2,27.5449835432521
"6125",2,44.7788459150363
"6126",2,40.0168489909933
"6127",2,33.5486629096285
"6128",2,22.618908861248
"6129",2,31.6328373880386
"6130",2,52.2496103748381
"6131",2,46.0202001921309
"6132",2,35.7156212918646
"6133",2,17.6653104196952
"6134",2,33.6879364791806
"6135",2,13.339046249296
"6136",2,67.4294665155912
"6137",2,39.9972129764787
"6138",2,58.2569527018578
"6139",2,37.3818219359086
"6140",2,73.287738229597
"6141",2,29.2282535545832
"6142",2,51.3968449426647
"6143",2,39.4238930953116
"6144",2,49.7006222470513
"6145",2,25.0898201930438
"6146",2,76.5923855339414
"6147",2,43.5765084667155
"6148",2,33.5684310354363
"6149",2,26.3872857969469
"6150",2,23.3058294444069
"6151",2,20.8820658974406
"6152",2,21.6828147245244
"6153",2,40.0747002787354
"6154",2,55.9259647817981
"6155",2,44.287919301127
"6156",2,19.9721572738322
"6157",2,40.6729899032058
"6158",2,62.4120938838583
"6159",2,54.1865236552626
"6160",2,68.7587972148409
"6161",2,45.2076055743557
"6162",2,11.3768673306645
"6163",2,48.4316044742404
"6164",2,42.3616469820411
"6165",2,21.6766606806769
"6166",2,37.9066826651561
"6167",2,31.6225450581645
"6168",2,34.1769820540685
"6169",2,45.9412223837709
"6170",2,32.500838133039
"6171",2,31.8400223099952
"6172",2,23.9062261035421
"6173",2,41.8150229784704
"6174",2,47.0892340080906
"6175",2,47.3916212240186
"6176",2,57.0472539679811
"6177",2,16.8276365137866
"6178",2,39.9909099446963
"6179",2,25.0068708089639
"6180",2,47.9350793348981
"6181",2,40.5981995140393
"6182",2,27.5221369230997
"6183",2,34.9414116440485
"6184",2,60.6975270765163
"6185",2,33.0634170954528
"6186",2,21.6222109699486
"6187",2,55.395034176445
"6188",2,56.7236649681797
"6189",2,32.3316076214776
"6190",2,65.2010221159849
"6191",2,37.4787178173445
"6192",2,25.5621996120399
"6193",2,35.7848973655469
"6194",2,42.9194045352742
"6195",2,47.25667720966
"6196",2,44.7234924056484
"6197",2,57.8360855439289
"6198",2,42.602213444657
"6199",2,46.594196724103
"6200",2,54.3619788043384
"6201",2,37.4758500820277
"6202",2,30.341528798286
"6203",2,36.0699534271703
"6204",2,25.0153863142203
"6205",2,40.2039026871705
"6206",2,46.4072889905343
"6207",2,27.7346232706592
"6208",2,29.5285189178447
"6209",2,27.1348279249272
"6210",2,39.0484313020811
"6211",2,60.9370359373187
"6212",2,32.0504579218063
"6213",2,32.0958670592934
"6214",2,39.240525954563
"6215",2,28.4481556554189
"6216",2,54.1910989727758
"6217",2,35.8341035177634
"6218",2,56.0824844843772
"6219",2,48.3881328475911
"6220",2,50.7335389705516
"6221",2,23.7090985060936
"6222",2,21.987339806911
"6223",2,40.3242353220378
"6224",2,35.167010787459
"6225",2,35.3913679888558
"6226",2,38.2710050232078
"6227",2,64.2218214555164
"6228",2,33.9664971255723
"6229",2,32.2161556796156
"6230",2,64.7098238266895
"6231",2,42.5039630744771
"6232",2,42.7576679493208
"6233",2,25.3675803952286
"6234",2,50.0356550056642
"6235",2,56.7052351363159
"6236",2,49.5068742495137
"6237",2,26.7375591158253
"6238",2,61.5311109905027
"6239",2,35.8832457001034
"6240",2,68.6194617737962
"6241",2,45.8480626141556
"6242",2,45.1610141921632
"6243",2,71.9391349099012
"6244",2,57.3678015638912
"6245",2,45.7903496847567
"6246",2,30.3995806130774
"6247",2,52.3893597550148
"6248",2,50.3320732565369
"6249",2,33.3821049260637
"6250",2,36.8295834338757
"6251",2,36.1539023551247
"6252",2,22.2954577196844
"6253",2,48.9660221340199
"6254",2,23.6260077292886
"6255",2,44.170464270318
"6256",2,23.122461364303
"6257",2,53.2546878189286
"6258",2,51.1554800456747
"6259",2,69.3058002601503
"6260",2,26.3910526257417
"6261",2,53.2306365033756
"6262",2,36.8749987224734
"6263",2,42.4002139307824
"6264",2,34.5152761065802
"6265",2,45.1436320942849
"6266",2,27.1064345878174
"6267",2,29.1924891486908
"6268",2,51.1281389067553
"6269",2,13.5579604501735
"6270",2,36.1823262218677
"6271",2,34.1704757068882
"6272",2,49.9941940409566
"6273",2,45.363560846047
"6274",2,24.8249700484256
"6275",2,62.1063633058424
"6276",2,54.8498174515797
"6277",2,61.3084683950115
"6278",2,28.4740632974441
"6279",2,69.9257228497309
"6280",2,57.3223333399612
"6281",2,56.5083091897793
"6282",2,26.1602951890032
"6283",2,38.699760324527
"6284",2,42.0286415770055
"6285",2,24.6957073998227
"6286",2,37.0450017118851
"6287",2,50.4662181076114
"6288",2,43.7480249232272
"6289",2,42.7420143855162
"6290",2,61.4681884531804
"6291",2,30.7327729864876
"6292",2,50.7048798226785
"6293",2,55.0432544091268
"6294",2,25.2561257339243
"6295",2,19.5230496897854
"6296",2,53.3208398618306
"6297",2,36.4476035263528
"6298",2,79.8838393629019
"6299",2,43.7994519019266
"6300",2,39.2124196335586
"6301",2,21.5730677922519
"6302",2,30.1540122460737
"6303",2,24.6035634502414
"6304",2,89.9580636551719
"6305",2,25.5101226243967
"6306",2,48.1209641566261
"6307",2,59.6322178539527
"6308",2,35.5739148030374
"6309",2,41.4442665644673
"6310",2,27.3936141321366
"6311",2,39.4873548300766
"6312",2,35.1352840280536
"6313",2,30.7463942285092
"6314",2,47.7614423536682
"6315",2,29.9098236886846
"6316",2,23.1355934061475
"6317",2,51.1649185403027
"6318",2,42.2125110261783
"6319",2,22.4715454031876
"6320",2,31.276837413031
"6321",2,51.6024344257364
"6322",2,28.2272878269745
"6323",2,50.4263942184712
"6324",2,35.5305412165415
"6325",2,24.2510238863339
"6326",2,45.9345071267307
"6327",2,16.003202752983
"6328",2,31.8954939359591
"6329",2,38.4740228459245
"6330",2,42.8729757698906
"6331",2,42.9556010500994
"6332",2,41.0508165254656
"6333",2,60.3851266146607
"6334",2,66.32057210917
"6335",2,68.5304816634801
"6336",2,25.2175573393585
"6337",2,30.1848319497401
"6338",2,25.7049415435008
"6339",2,34.4656928095674
"6340",2,43.6164211865963
"6341",2,42.0123616274774
"6342",2,36.6835939779305
"6343",2,37.6115545045366
"6344",2,34.4698824023885
"6345",2,29.6197597173636
"6346",2,30.9565813061593
"6347",2,29.9483088438072
"6348",2,33.449397043384
"6349",2,24.4608517505052
"6350",2,57.7803883104776
"6351",2,70.8290978839899
"6352",2,25.2398944144439
"6353",2,58.1629886605019
"6354",2,41.0333158399457
"6355",2,39.9074860523822
"6356",2,40.3175038359637
"6357",2,45.7400044502399
"6358",2,40.8950179252755
"6359",2,29.6169922406137
"6360",2,41.3611011916992
"6361",2,51.965145481226
"6362",2,36.626473521243
"6363",2,26.0259391725011
"6364",2,22.2323281164077
"6365",2,48.140346548467
"6366",2,38.7515426015802
"6367",2,32.4855489903186
"6368",2,42.530247969732
"6369",2,31.3613178807312
"6370",2,38.5194023247718
"6371",2,43.3494361469339
"6372",2,19.1592620152413
"6373",2,28.359357166921
"6374",2,25.1227628450402
"6375",2,25.9048324484761
"6376",2,63.3514861818653
"6377",2,56.9541981646049
"6378",2,50.2652924964722
"6379",2,35.020636188706
"6380",2,56.9696222069952
"6381",2,26.0567943725459
"6382",2,19.4829063252323
"6383",2,12.7626306970311
"6384",2,42.5533350054904
"6385",2,40.0328222255578
"6386",2,30.3570857338631
"6387",2,46.1971075403602
"6388",2,40.1090288030078
"6389",2,35.8263477531047
"6390",2,58.4803227225064
"6391",2,61.3474186002767
"6392",2,54.6341768617641
"6393",2,47.7557683126393
"6394",2,28.1878004258203
"6395",2,36.4764255476637
"6396",2,38.9982386751582
"6397",2,41.5132136191956
"6398",2,55.8660127217139
"6399",2,24.237507986279
"6400",2,24.8126008356245
"6401",2,38.8004394326738
"6402",2,23.7814686754781
"6403",2,55.8461532305464
"6404",2,37.4532961641168
"6405",2,14.7098584247412
"6406",2,36.5953858229223
"6407",2,42.3390080334102
"6408",2,30.5562357330963
"6409",2,25.6385302067756
"6410",2,39.7308801437845
"6411",2,57.6289961992027
"6412",2,33.7647052658141
"6413",2,55.7410215466564
"6414",2,60.6682410393724
"6415",2,25.6547958837381
"6416",2,51.8259309986241
"6417",2,38.1987880358619
"6418",2,42.8029640899317
"6419",2,67.078836836361
"6420",2,53.6383450433075
"6421",2,33.7305698731453
"6422",2,23.519111316852
"6423",2,44.415916979928
"6424",2,46.7501218706319
"6425",2,57.455717402343
"6426",2,61.161936216873
"6427",2,42.393486982004
"6428",2,41.7519788884511
"6429",2,45.5066313683854
"6430",2,55.3011045614861
"6431",2,41.7500086946611
"6432",2,34.8071551281666
"6433",2,27.6650996281398
"6434",2,39.7387543470219
"6435",2,39.3685799811257
"6436",2,39.5691967755029
"6437",2,34.7476101127553
"6438",2,32.5103897171517
"6439",2,52.7725598020215
"6440",2,37.757750445546
"6441",2,63.4602628846406
"6442",2,30.4325190504992
"6443",2,20.6622841243198
"6444",2,37.5539474602925
"6445",2,52.5514377978191
"6446",2,37.6340339047559
"6447",2,22.845103786366
"6448",2,32.6028857503928
"6449",2,39.0662824585754
"6450",2,58.9934557757415
"6451",2,55.9547135936989
"6452",2,50.98186321061
"6453",2,45.9428120539938
"6454",2,30.1099360183165
"6455",2,50.9824188472519
"6456",2,57.5367833028407
"6457",2,49.9287857123329
"6458",2,56.8365035134412
"6459",2,43.5994694534192
"6460",2,54.2487171730141
"6461",2,60.7095422229395
"6462",2,28.5205240928355
"6463",2,62.7524682125342
"6464",2,50.2734120593168
"6465",2,49.3725376639877
"6466",2,40.5137538442059
"6467",2,28.6544050122294
"6468",2,25.78516460797
"6469",2,43.5800910056458
"6470",2,37.7470442035443
"6471",2,55.0009610213084
"6472",2,39.3552683018341
"6473",2,35.017085900107
"6474",2,62.6137432829387
"6475",2,36.271531081313
"6476",2,31.594512260914
"6477",2,48.865809993091
"6478",2,62.4682825216111
"6479",2,28.4341129048708
"6480",2,36.1770021768274
"6481",2,35.3196203096232
"6482",2,39.9853705532741
"6483",2,43.9726710458281
"6484",2,49.7450551104932
"6485",2,54.7093148355473
"6486",2,30.9994455929356
"6487",2,39.3853804676555
"6488",2,50.6208243947678
"6489",2,32.4718701063078
"6490",2,45.7281254402787
"6491",2,66.8723798261525
"6492",2,24.9319049925461
"6493",2,49.6564896819443
"6494",2,38.6469003974763
"6495",2,28.1906157595872
"6496",2,43.0414387100639
"6497",2,38.9341433461008
"6498",2,27.9658285628338
"6499",2,39.8189240462517
"6500",2,47.5777099365687
"6501",2,37.0931375861891
"6502",2,67.8760942003177
"6503",2,63.5374124356735
"6504",2,30.7685617663062
"6505",2,60.2712425178275
"6506",2,58.2637780115064
"6507",2,31.8892922115917
"6508",2,63.6471674607844
"6509",2,65.4152354397855
"6510",2,48.1917260870213
"6511",2,52.2401832932391
"6512",2,28.0766441993444
"6513",2,69.1456808495774
"6514",2,32.4808933437379
"6515",2,35.1405326452226
"6516",2,46.5191760729751
"6517",2,40.9006343843424
"6518",2,65.7351665206261
"6519",2,30.9435362288986
"6520",2,33.1048100943609
"6521",2,43.0407893343504
"6522",2,47.2729412036549
"6523",2,91.8284894666863
"6524",2,25.3214903498032
"6525",2,55.8468558688025
"6526",2,52.2003112309653
"6527",2,55.6167125059385
"6528",2,25.6084169871466
"6529",2,44.4267736190118
"6530",2,33.5789078029146
"6531",2,21.3916326913487
"6532",2,29.1916250765585
"6533",2,27.7656628209939
"6534",2,64.8997915640587
"6535",2,31.2346704005007
"6536",2,52.3319373643254
"6537",2,47.8929744420662
"6538",2,30.3083466496796
"6539",2,46.9035532182148
"6540",2,47.1678834053261
"6541",2,26.7091291768304
"6542",2,49.6702592635491
"6543",2,39.4942320165372
"6544",2,36.583886882612
"6545",2,29.3650811614396
"6546",2,37.3805916518159
"6547",2,27.3643113198373
"6548",2,39.2575414477581
"6549",2,37.8905379397244
"6550",2,36.5130781275447
"6551",2,55.7967435571972
"6552",2,32.1998086130094
"6553",2,37.8958551060482
"6554",2,51.7984338820518
"6555",2,59.2791516802702
"6671",2,72.1204793593736
"6672",2,36.111586985408
"6673",2,39.0938808772276
"6674",2,19.9866134375737
"6675",2,55.4829053651162
"6676",2,38.8670579875083
"6677",2,28.0476746011196
"6678",2,39.4649670395109
"6679",2,55.2003622055915
"6680",2,40.6195464491153
"6681",2,43.5897532368896
"6682",2,54.9158378205972
"6683",2,29.04118587198
"6684",2,36.4648971184401
"6685",2,49.1463338950988
"6686",2,24.4555451708298
"6687",2,57.1823369917971
"6688",2,27.4325859273304
"6689",2,43.1151805590512
"6690",2,41.8819781528167
"6691",2,32.4738779846743
"6692",2,42.4056398021517
"6693",2,37.1577765078678
"6694",2,52.2687117135862
"6695",2,24.9069878883114
"6696",2,58.8803575348994
"6697",2,36.4221299809193
"6698",2,30.8696582534703
"6699",2,27.5788659815338
"6700",2,55.2434725582833
"6701",2,23.1912678644185
"6702",2,41.3593189755884
"6703",2,32.4531245540197
"6704",2,30.5852501346543
"6705",2,37.544383359084
"6706",2,40.3217064004863
"6707",2,35.0412287936016
"6708",2,30.8067871748655
"6709",2,49.7296398599281
"6710",2,48.710107057858
"6711",2,65.1035470047009
"6712",2,28.3149967730064
"6713",2,28.1213735518958
"6714",2,30.0931127475346
"6715",2,26.758715095494
"6716",2,71.4755712305856
"6717",2,15.8685241990969
"6718",2,24.3060274739496
"6719",2,30.6826911301319
"6720",2,36.5814174795717
"6721",2,37.702408641757
"6722",2,54.1885118304916
"6723",2,58.5921240749514
"6724",2,27.7897782562442
"6725",2,42.5234066406125
"6726",2,21.9265839355664
"6727",2,52.2307222924241
"6728",2,29.4787842606523
"6729",2,45.5650728492759
"6730",2,28.2527660559081
"6731",2,39.780564690464
"6732",2,39.4688535989836
"6733",2,27.4825222818358
"6734",2,44.6461787973467
"6735",2,100.247221856439
"6736",2,39.8251187592729
"6737",2,34.4914692769373
"6738",2,33.359170297797
"6739",2,35.141203613309
"6740",2,41.7686770286674
"6741",2,29.504952687952
"6742",2,62.7973072265265
"6743",2,47.8408948564769
"6744",2,52.732157879223
"6745",2,60.3624631366173
"6746",2,27.3204351274265
"6747",2,28.8376481102428
"6748",2,43.9360320166062
"6749",2,33.7597820519748
"6750",2,46.5132667728019
"6751",2,38.6779481641691
"6752",2,49.3810872271527
"6753",2,22.6050032121499
"6754",2,49.3331463324467
"6755",2,20.6497189750517
"6756",2,39.3296140063664
"6757",2,45.9302178917046
"6758",2,30.3068697892194
"6759",2,62.4233555643317
"6760",2,42.4294318834116
"6761",2,22.5822317155548
"6762",2,63.5216695432765
"6763",2,43.6886497954206
"6764",2,36.1416493441742
"6765",2,49.6684320066103
"6766",2,25.7839903473677
"6767",2,39.5852301482709
"6768",2,43.3118992431672
"6769",2,13.3561388806415
"6770",2,34.5625246518769
"6771",2,31.4193923486202
"6772",2,44.3103261053684
"6773",2,55.7884072068541
"6774",2,41.4876297043049
"6775",2,30.2299547482538
"6776",2,38.5895152177223
"6777",2,28.1004125202679
"6778",2,28.1176040210932
"6779",2,15.908476680398
"6780",2,36.3241378946305
"6781",2,47.6267443662907
"6782",2,43.1522693254342
"6783",2,27.7202854279187
"6784",2,33.8904686091709
"6785",2,56.0765112085158
"7246",2,29.7469154193141
"7247",2,59.0492967582194
"7248",2,48.7712757882861
"7249",2,31.5050552561863
"7250",2,55.0184144721248
"7251",2,42.4267300241615
"7252",2,49.2587379323537
"7253",2,52.5466143074692
"7254",2,33.450259714877
"7255",2,43.0969093616897
"7256",2,15.7557948677731
"7257",2,35.2502676684762
"7258",2,51.5262041535269
"7259",2,54.2535007915689
"7260",2,47.725749552419
"7261",2,42.8178128002441
"7262",2,50.0257089383884
"7263",2,28.9288689720422
"7264",2,31.5947371604126
"7265",2,29.0860477452761
"7266",2,44.2598058523286
"7267",2,40.373660037062
"7268",2,44.8465156989126
"7269",2,44.8042287931298
"7270",2,56.5826238334578
"7271",2,66.831093082738
"7272",2,25.2375914382004
"7273",2,45.4220960023107
"7274",2,32.3212701321325
"7275",2,60.8355721538972
"7276",2,49.2821319407347
"7277",2,57.0878896500053
"7278",2,25.9143467177164
"7279",2,40.6279026757704
"7280",2,64.4451195783206
"7281",2,29.5702377771274
"7282",2,28.2505068852261
"7283",2,37.7586218831188
"7284",2,31.6617561462771
"7285",2,51.3231289269874
"7286",2,34.4230459397781
"7287",2,36.9574555125776
"7288",2,24.8740151361881
"7289",2,44.2883827393574
"7290",2,48.9059368399073
"7291",2,25.4725473096756
"7292",2,61.517174522955
"7293",2,28.9211506780576
"7294",2,45.7202260206145
"7295",2,41.8333015777327
"7296",2,29.4774111453027
"7297",2,32.9429094449998
"7298",2,53.1369750319328
"7299",2,38.7266593368628
"7300",2,37.5233877106354
"7301",2,52.8143123069492
"7302",2,44.661401876421
"7303",2,36.6227230037518
"7304",2,42.0591933558352
"7305",2,25.0284495544391
"7306",2,43.0085990770843
"7307",2,75.616507607278
"7308",2,36.7762663960681
"7309",2,32.875338580861
"7310",2,60.2095473177155
"7311",2,51.3424990612909
"7312",2,60.9665185998063
"7313",2,47.6943074385938
"7314",2,45.0679063183035
"7315",2,49.1245509990301
"7316",2,29.669061999531
"7317",2,43.1206142187718
"7318",2,45.5007896369793
"7319",2,69.1933313501478
"7320",2,51.6939134205069
"7321",2,64.8808783523748
"7322",2,40.3204421667962
"7323",2,29.8207775788682
"7324",2,30.1041197414676
"7325",2,25.4234074184412
"7326",2,21.0431370175539
"7327",2,34.9460871394399
"7328",2,33.7488893351753
"7329",2,60.9475705703678
"7330",2,22.4433166424039
"7331",2,41.6376248572195
"7332",2,34.3555983181037
"7333",2,48.6526457617975
"7334",2,50.3964866300762
"7335",2,29.8362448807342
"7336",2,37.4309910002137
"7337",2,36.868564362596
"7338",2,27.684842505056
"7339",2,41.0927646846561
"7340",2,35.0923279232427
"7341",2,31.864218574022
"7342",2,28.0272644261841
"7343",2,40.3138611914271
"7344",2,40.582647115667
"7345",2,31.9250257804968
"7346",2,64.2097596609001
"7347",2,26.6281063458373
"7348",2,37.1935467032985
"7349",2,31.024771408605
"7350",2,51.676787053168
"7351",2,55.8306522040492
"7352",2,16.1853015954718
"7353",2,32.6300833439865
"7354",2,20.1946878639186
"7355",2,68.6209838190173
"7356",2,41.3765260201044
"7357",2,45.4799364054088
"7358",2,39.7776614700963
"7359",2,23.0333674143714
"7360",2,22.7957620745597
"7706",2,45.4992208819501
"7707",2,22.9502908139278
"7708",2,45.683071822565
"7709",2,75.3312761992785
"7710",2,42.1630638960364
"7711",2,46.0832429369116
"7712",2,49.69159194549
"7713",2,30.2959028079335
"7714",2,28.5998143452346
"7715",2,33.1776023755533
"7716",2,44.3264845665612
"7717",2,27.487912508908
"7718",2,38.602598540346
"7719",2,50.8046454785266
"7720",2,32.9890501573257
"7721",2,38.8412727369389
"7722",2,41.8477527579876
"7723",2,22.5707896915955
"7724",2,37.4821556741208
"7725",2,26.2099274587493
"7726",2,36.4059103534389
"7727",2,46.4411477092669
"7728",2,48.2033434418264
"7729",2,29.3227734945314
"7730",2,26.2200642561995
"7731",2,67.4928810276558
"7732",2,20.0777716762876
"7733",2,27.1207635889996
"7734",2,35.5617149995776
"7735",2,38.640698082283
"7736",2,32.0899235505361
"7737",2,24.8332629163126
"7738",2,38.3746442222754
"7739",2,25.4666317314732
"7740",2,33.554654396353
"7741",2,45.2494957225764
"7742",2,54.4363748670574
"7743",2,55.5898441851294
"7744",2,52.5213381516876
"7745",2,36.1502733064624
"7746",2,21.3685432392683
"7747",2,22.9906844360908
"7748",2,49.0710134666592
"7749",2,17.3706662388645
"7750",2,49.9207548615447
"7751",2,39.8213862626334
"7752",2,70.1100403209527
"7753",2,39.427601591392
"7754",2,18.3864246093512
"7755",2,51.1860725068032
"7756",2,55.4799341250543
"7757",2,34.5608414395696
"7758",2,35.9165379471377
"7759",2,44.9873023568474
"7760",2,42.9343776875955
"7761",2,39.3804126262581
"7762",2,40.2759422531488
"7763",2,71.4557925784833
"7764",2,55.5490607215237
"7765",2,72.7300192901619
"7766",2,34.6299202628332
"7767",2,34.5440798579021
"7768",2,35.7346272530278
"7769",2,49.612315431722
"7770",2,67.611669881922
"7771",2,45.251506217023
"7772",2,35.6434693574739
"7773",2,43.6564670436796
"7774",2,35.431818273388
"7775",2,37.1779285061594
"7776",2,28.5095643953708
"7777",2,41.4203778285576
"7778",2,34.44887077732
"7779",2,28.0400789203953
"7780",2,39.7129473090244
"7781",2,46.0846575855221
"7782",2,37.5779805705199
"7783",2,36.417634957929
"7784",2,36.6312732078685
"7785",2,53.7603302605061
"7786",2,49.6693769010211
"7787",2,39.2276497705272
"7788",2,29.1275512475114
"7789",2,40.2328839161397
"7790",2,25.6144585918996
"7791",2,55.5251207601057
"7792",2,44.509629264088
"7793",2,62.1960159897332
"7794",2,55.4290802050796
"7795",2,45.7687364717765
"7796",2,33.9297905272842
"7797",2,38.0804573037553
"7798",2,26.3414133307129
"7799",2,37.0682988545742
"7800",2,56.6156220644346
"7801",2,41.7565453091552
"7802",2,41.671722202047
"7803",2,34.2831722768836
"7804",2,59.3440339735231
"7805",2,46.7384159905475
"7806",2,29.7265809330941
"7807",2,43.3850577110797
"7808",2,55.6963814749653
"7809",2,36.3304755100321
"7810",2,40.0813439952157
"7811",2,35.2969569661664
"7812",2,58.6760250336608
"7813",2,41.1056503582877
"7814",2,84.9815326130632
"7815",2,19.6254071008405
"7816",2,38.9790062086877
"7817",2,52.2149860441862
"7818",2,36.3630704964944
"7819",2,73.1137835134895
"7820",2,39.421479727436
"7821",2,27.8614777473657
"7822",2,34.2200678891812
"7823",2,36.7462238174998
"7824",2,40.9438420912211
"7825",2,41.6704355665907
"7826",2,62.210932875042
"7827",2,31.4690942373825
"7828",2,33.9601947793522
"7829",2,39.4245074130466
"7830",2,26.7041057822538
"7831",2,42.2949079950066
"7832",2,43.3006732544706
"7833",2,26.2488758372189
"7834",2,25.8102459135935
"7835",2,38.6838653014033
"7836",2,31.5352951639292
"7837",2,49.6111897297245
"7838",2,32.8072188339799
"7839",2,38.566479456294
"7840",2,45.5274336547126
"7841",2,30.5630830775152
"7842",2,52.6956359778179
"7843",2,43.6167067941132
"7844",2,76.9548357152299
"7845",2,35.656722990567
"7846",2,19.6708370944988
"7847",2,56.7597394044666
"7848",2,39.6895250602184
"7849",2,64.3097255102229
"7850",2,28.539557495107
"7851",2,85.1919455559475
"7852",2,60.9327298471424
"7853",2,37.0254888715056
"7854",2,55.8310106347976
"7855",2,38.5687343853597
"7856",2,71.5382320158214
"7857",2,32.4569560774689
"7858",2,41.7852357033158
"7859",2,27.883901464888
"7860",2,38.4154621075924
"7861",2,29.1701238385797
"7862",2,66.7603417012667
"7863",2,35.584555371853
"7864",2,32.4356690297288
"7865",2,55.9814252083107
"7866",2,21.5697104253931
"7867",2,54.8393575225726
"7868",2,31.1968489246445
"7869",2,42.0659825187543
"7870",2,24.9744116751159
"7871",2,48.1064353298294
"7872",2,53.4368513439259
"7873",2,44.1994744346796
"7874",2,31.7016677016617
"7875",2,47.6867208761873
"7876",2,36.7018327333707
"7877",2,41.9616198672166
"7878",2,34.2766230648906
"7879",2,80.7426780623226
"7880",2,21.3197809426719
"7881",2,48.2780679175233
"7882",2,70.0619094327833
"7883",2,29.7765273013973
"7884",2,21.7721769736784
"7885",2,26.0727371136444
"7886",2,41.02253011913
"7887",2,60.9457120027741
"7888",2,48.9883353343698
"7889",2,41.7209690514135
"7890",2,28.086551758277
"7891",2,30.7527755990787
"7892",2,40.4421663075714
"7893",2,40.4414130521805
"7894",2,37.6102020028952
"7895",2,20.6459532350712
"7896",2,42.8834118352911
"7897",2,36.654948433525
"7898",2,22.8009141054944
"7899",2,21.5152225819316
"7900",2,41.7116681607063
"7901",2,29.1994639408081
"7902",2,20.7639669138526
"7903",2,38.3364548039105
"7904",2,46.2430637640568
"7905",2,54.4178032860331
"7906",2,28.2754779097371
"7907",2,39.1206977772493
"7908",2,56.062071929444
"7909",2,23.6231886747782
"7910",2,56.2647423129625
"7911",2,68.3637868493134
"7912",2,30.9113991342039
"7913",2,37.859127035983
"7914",2,8.82174975636941
"7915",2,19.5824173691275
"7916",2,58.9522160510399
"7917",2,13.4175195346175
"7918",2,40.8324394103668
"7919",2,27.4316826914477
"7920",2,36.6591224402981
"7921",2,32.2055191661347
"7922",2,37.1724110187184
"7923",2,37.6889326749526
"7924",2,45.4205406467481
"7925",2,35.9174780563677
"7926",2,55.5853379302201
"7927",2,27.6655698345155
"7928",2,38.9298058011504
"7929",2,18.6932016009048
"7930",2,46.1978987893951
"7931",2,41.4869487593836
"7932",2,50.7159992464849
"7933",2,24.4696034484021
"7934",2,33.0434986296767
"7935",2,26.1695206817462
"7936",2,38.561502129842
"7937",2,30.0084607681016
"7938",2,35.8406173168898
"7939",2,55.8390058032567
"7940",2,68.7735720853462
"7941",2,19.9782410620312
"7942",2,24.7955248624562
"7943",2,56.8155782219153
"7944",2,40.5540962564135
"7945",2,28.3082135164522
"7946",2,49.2234008980753
"7947",2,26.6027655338297
"7948",2,37.7432344956503
"7949",2,44.5032461951554
"7950",2,50.6757234444998
"7951",2,48.9501600177642
"7952",2,47.0343270071326
"7953",2,45.0654432962051
"7954",2,53.4919421673098
"7955",2,35.2467577984466
"7956",2,27.3024433606843
"7957",2,45.1015800957345
"7958",2,44.5587839407944
"7959",2,53.783051320215
"7960",2,28.1698551290831
"7961",2,44.2528792361026
"7962",2,34.1174299483558
"7963",2,48.6185678359477
"7964",2,56.2268848692863
"7965",2,51.5240087221102
"7966",2,27.9882508811627
"7967",2,29.5226221783931
"7968",2,32.2785079183858
"7969",2,45.4959220294065
"7970",2,31.1891596403765
"7971",2,42.3239039697465
"7972",2,55.7357115083958
"7973",2,46.978406232612
"7974",2,58.0406498152718
"7975",2,40.705864918653
"7976",2,43.0489272149826
"7977",2,28.3721006641676
"7978",2,48.2615854661466
"7979",2,21.5251147216281
"7980",2,24.8140680860124
"7981",2,44.4284769316463
"7982",2,29.0103653402566
"7983",2,44.5448521090087
"7984",2,25.3533350663048
"7985",2,39.9053383478269
"7986",2,21.8965117997363
"7987",2,45.9818192061089
"7988",2,21.3426998237494
"7989",2,43.0890149373007
"7990",2,39.6973872409407
"7991",2,52.873928841981
"7992",2,79.3926586008501
"7993",2,21.0667609487475
"7994",2,35.1296402426213
"7995",2,31.7364591965379
"7996",2,31.5221460609198
"7997",2,25.4199203432821
"7998",2,46.1284648800413
"7999",2,42.5011003540653
"8000",2,46.5109594410777
"8001",2,68.0750439695093
"8002",2,21.8057414536509
"8003",2,43.3709634869573
"8004",2,36.2262331788249
"8005",2,34.918371540727
"8006",2,31.3787255194935
"8007",2,37.1418383492211
"8008",2,52.9451680187915
"8009",2,30.0212470407454
"8010",2,35.7348828594039
"8011",2,45.2298734041916
"8012",2,45.6760378563813
"8013",2,66.9510203981277
"8014",2,35.8560917285307
"8015",2,37.3502386306277
"8016",2,21.1576308353208
"8017",2,59.1254629300849
"8018",2,49.7567281289706
"8019",2,53.8276858568067
"8020",2,28.2074268790767
"8021",2,62.8343676991689
"8022",2,31.3881521477683
"8023",2,62.5582548573755
"8024",2,39.0657353167084
"8025",2,47.4819912834778
"8026",2,41.4914570942002
"8027",2,29.8084150254016
"8028",2,37.5437057548124
"8029",2,33.1940411972597
"8030",2,27.9954210350808
"8031",2,37.7763679240843
"8032",2,29.346035558857
"8033",2,39.3237871135773
"8034",2,41.9678111986757
"8035",2,49.5577690245784
"8036",2,29.7303045692997
"8037",2,48.9036043853596
"8038",2,39.623462076413
"8039",2,35.1453095581528
"8040",2,55.8648367899706
"8041",2,42.8227882830981
"8042",2,30.3733374488082
"8043",2,25.6192713909448
"8044",2,44.1137474999506
"8045",2,30.6967409812959
"8046",2,68.0765109158796
"8047",2,46.9995777587225
"8048",2,14.4422178976769
"8049",2,27.9778752643783
"8050",2,25.8254307648684
"8166",2,45.9233527920213
"8167",2,40.9758739717364
"8168",2,22.9944545278111
"8169",2,30.134439195436
"8170",2,39.57854772445
"8171",2,57.2802202724632
"8172",2,43.7038134128829
"8173",2,41.2619748438821
"8174",2,30.1984622832851
"8175",2,52.7743746469563
"8176",2,53.1055238663934
"8177",2,35.5977769790325
"8178",2,50.3886529301484
"8179",2,36.5575265625356
"8180",2,42.3573046962216
"8181",2,51.2051343913537
"8182",2,47.2651058024888
"8183",2,30.7567931086483
"8184",2,44.6264278362848
"8185",2,33.2469992355799
"8186",2,37.1784261708713
"8187",2,29.1926163574907
"8188",2,39.2566412443053
"8189",2,51.9316998820029
"8190",2,35.7085610777805
"8191",2,49.6037669215186
"8192",2,38.2631212982239
"8193",2,47.2064368340596
"8194",2,23.0565677677255
"8195",2,49.4410285877681
"8196",2,31.843518692098
"8197",2,34.2389588757661
"8198",2,42.9868846944247
"8199",2,46.2312119244874
"8200",2,33.5852525035627
"8201",2,27.8853935940694
"8202",2,31.3847256983059
"8203",2,25.6297399037995
"8204",2,55.9530552830876
"8205",2,44.6637613440623
"8206",2,39.4079758225716
"8207",2,27.8483893001586
"8208",2,51.7336538414367
"8209",2,42.0515814826896
"8210",2,21.6143846491121
"8211",2,34.8233279630536
"8212",2,35.6333087692223
"8213",2,35.568099962563
"8214",2,39.9500059949154
"8215",2,44.8241389237442
"8216",2,57.1550808002671
"8217",2,38.1289950208211
"8218",2,32.0793845524011
"8219",2,26.3751725727793
"8220",2,44.0345024395002
"8221",2,34.3606072609903
"8222",2,47.9750359630184
"8223",2,29.5189005719917
"8224",2,35.9158331892529
"8225",2,25.7127478269974
"8226",2,47.1411236649633
"8227",2,37.0091240744547
"8228",2,88.7244274796508
"8229",2,34.2441191814338
"8230",2,30.118831520747
"8231",2,71.0618633672402
"8232",2,70.3879182993117
"8233",2,63.0220929780984
"8234",2,43.8175133435964
"8235",2,49.831303992865
"8236",2,52.7867665606458
"8237",2,56.0196320679662
"8238",2,31.69225265385
"8239",2,30.348171983567
"8240",2,55.3700557160245
"8241",2,26.5103618444471
"8242",2,44.7760834451799
"8243",2,30.9472881169838
"8244",2,72.7327012435809
"8245",2,53.5444406540175
"8246",2,46.7516685404426
"8247",2,42.1347102800524
"8248",2,30.1536044834615
"8249",2,33.7792870018441
"8250",2,40.8367863627379
"8251",2,42.4919313406767
"8252",2,43.9064639658837
"8253",2,15.2802920138672
"8254",2,44.2869186798556
"8255",2,47.5938165192175
"8256",2,55.6122662553251
"8257",2,63.5665700317336
"8258",2,52.0048354538952
"8259",2,54.1854937686798
"8260",2,34.4233323634364
"8261",2,33.0043244724161
"8262",2,29.5747915863816
"8263",2,64.8296552345761
"8264",2,19.1085400076888
"8265",2,42.9519136615824
"8266",2,40.0781876679803
"8267",2,45.5514648330696
"8268",2,51.4403158745904
"8269",2,24.7617323338776
"8270",2,50.7972593750148
"8271",2,44.9584757207455
"8272",2,38.7436006120076
"8273",2,34.0796429134467
"8274",2,44.814745536567
"8275",2,30.7369918423989
"8276",2,44.9297929162244
"8277",2,39.6758161444898
"8278",2,22.1906185204859
"8279",2,66.6737782779538
"8280",2,73.6039637124332
"8281",2,54.9832384168433
"8282",2,34.5238803987615
"8283",2,32.5321034862184
"8284",2,55.4043855429897
"8285",2,53.0011642340237
"8286",2,55.5177962571058
"8287",2,36.246075338194
"8288",2,56.4043405836987
"8289",2,67.6238154378997
"8290",2,41.7423525537819
"8291",2,41.9935121806655
"8292",2,40.0196219277875
"8293",2,26.4578941718153
"8294",2,26.6538975409161
"8295",2,32.5865684972701
"8296",2,45.8257084948149
"8297",2,43.0343345447988
"8298",2,57.5366843392731
"8299",2,29.3083901560802
"8300",2,38.1828255356124
"8301",2,33.8326564740845
"8302",2,42.1790228034145
"8303",2,48.2095015441583
"8304",2,65.8995445984386
"8305",2,65.3724889483373
"8306",2,68.9319668637017
"8307",2,48.1387144308914
"8308",2,67.9873486348001
"8309",2,27.1595870009919
"8310",2,41.4946082460645
"8311",2,61.5201628836687
"8312",2,35.9300096018936
"8313",2,46.0093073113918
"8314",2,50.2361076926925
"8315",2,36.9247648823618
"8316",2,58.1020434693479
"8317",2,46.9836428479964
"8318",2,30.3614869937403
"8319",2,56.870136521178
"8320",2,25.9479665637694
"8321",2,53.038870970366
"8322",2,30.2299122310339
"8323",2,47.9393451458905
"8324",2,45.5254918986037
"8325",2,56.8116395280451
"8326",2,45.1773493920586
"8327",2,51.5607371852999
"8328",2,31.1864086610553
"8329",2,38.4050157144894
"8330",2,54.8845461060166
"8331",2,29.8264159885723
"8332",2,28.0022153075791
"8333",2,37.5385486786268
"8334",2,38.0288499587835
"8335",2,39.5930204562363
"8336",2,78.2516051235146
"8337",2,23.4966240704988
"8338",2,29.0306809131117
"8339",2,30.007258593621
"8340",2,61.465212896103
"8341",2,58.0725423171085
"8342",2,28.8728010279794
"8343",2,27.5283284195213
"8344",2,35.4903077173247
"8345",2,19.4977075748048
"8346",2,46.2460595580576
"8347",2,38.5785199465716
"8348",2,21.6880914091728
"8349",2,36.6022193993594
"8350",2,38.9897354656143
"8351",2,51.3740329535257
"8352",2,38.8684942809283
"8353",2,31.1791357930223
"8354",2,31.9567420899241
"8355",2,59.8117040821071
"8356",2,35.8184089165126
"8357",2,43.519800719525
"8358",2,45.0163361905203
"8359",2,45.5540458691705
"8360",2,23.5110085255407
"8361",2,49.0997449085711
"8362",2,57.0215367001722
"8363",2,72.8832301700312
"8364",2,25.1607909349208
"8365",2,26.8036767580433
"8366",2,45.5075324760535
"8367",2,33.4571401989214
"8368",2,58.0892090745583
"8369",2,23.4164043201442
"8370",2,44.5388547216327
"8371",2,44.7444160001957
"8372",2,52.1207693055784
"8373",2,52.4099552858766
"8374",2,41.0173797267383
"8375",2,22.2004443951862
"8376",2,43.9582544418183
"8377",2,44.62953127226
"8378",2,20.632940653897
"8379",2,55.9663104849366
"8380",2,40.9695506527445
"8381",2,27.0574492013736
"8382",2,43.1764761411476
"8383",2,53.2518159284402
"8384",2,47.5660597158411
"8385",2,34.6176023893325
"8386",2,79.1492755966284
"8387",2,37.2272099474357
"8388",2,43.9903681985684
"8389",2,46.0299428546412
"8390",2,53.089216678689
"8391",2,51.5280138976195
"8392",2,39.3178532374054
"8393",2,37.8988005267502
"8394",2,27.4133819999228
"8395",2,45.162498913792
"8396",2,49.4960775133218
"8397",2,34.4366392393789
"8398",2,51.6312703035426
"8399",2,40.3684143975588
"8400",2,46.7035250257195
"8401",2,30.8664222167437
"8402",2,55.1058398929543
"8403",2,25.4106834022281
"8404",2,73.7414568274189
"8405",2,37.325612465597
"8406",2,24.3698410267836
"8407",2,27.7608695852274
"8408",2,19.4472797757132
"8409",2,37.0112814241337
"8410",2,42.0401524782534
"8411",2,31.9290265035202
"8412",2,37.4425028758344
"8413",2,25.3006809067235
"8414",2,54.2267483882322
"8415",2,37.4786789331864
"8416",2,43.3429447060332
"8417",2,74.2245753125685
"8418",2,53.5669156951039
"8419",2,26.3775443344705
"8420",2,55.9780586174588
"8421",2,22.0841813311988
"8422",2,90.4357497496707
"8423",2,61.9684690353873
"8424",2,23.0105268888324
"8425",2,29.8267392148905
"8426",2,63.3447834651552
"8427",2,26.6360894275665
"8428",2,79.9745815419761
"8429",2,59.3587465403628
"8430",2,51.3654209255852
"8431",2,34.0741710776017
"8432",2,65.5341529306906
"8433",2,41.9402265384477
"8434",2,55.2824001616666
"8435",2,32.6955624891798
"8436",2,51.0109275489835
"8437",2,28.4790406490822
"8438",2,33.124514026394
"8439",2,37.3040880131208
"8440",2,57.2709770454176
"8441",2,41.9531675620636
"8442",2,34.0682765246586
"8443",2,27.7552923802574
"8444",2,30.9178490457889
"8445",2,43.7385040089458
"8446",2,44.3494043448123
"8447",2,36.0357781943857
"8448",2,31.61719509462
"8449",2,18.9146490455962
"8450",2,44.6251675759687
"8451",2,34.9999994196721
"8452",2,38.9845453931239
"8453",2,37.8303692885813
"8454",2,19.1085504196299
"8455",2,38.4470488113609
"8456",2,67.9852753843596
"8457",2,68.8641937537169
"8458",2,23.5083575589364
"8459",2,39.9559838209368
"8460",2,18.8583096758054
"8461",2,32.5016396340941
"8462",2,66.7502444825104
"8463",2,51.307263553125
"8464",2,35.3444191059554
"8465",2,34.7344965446737
"8466",2,38.5257217181888
"8467",2,26.4168045629424
"8468",2,40.8627720429449
"8469",2,29.8215126483893
"8470",2,24.8217794967193
"8471",2,29.9984377232965
"8472",2,54.6837849556023
"8473",2,27.6760835010862
"8474",2,28.6296067251112
"8475",2,17.1069774219124
"8476",2,46.9591114363547
"8477",2,40.6928618895377
"8478",2,34.8322380333556
"8479",2,52.4770975020814
"8480",2,39.8265330862658
"8481",2,47.4410884241533
"8482",2,34.4415781867324
"8483",2,32.0280823511641
"8484",2,55.6175156825654
"8485",2,51.3268338552289
"8486",2,52.5805589064615
"8487",2,45.1633092803777
"8488",2,38.0211775420028
"8489",2,29.5364045650868
"8490",2,71.3663256752725
"8491",2,41.5762556899853
"8492",2,35.3357276280644
"8493",2,67.3648180715651
"8494",2,65.7966009790957
"8495",2,31.6852408540146
"8496",2,39.5306316345977
"8497",2,36.023924360841
"8498",2,53.2583647572296
"8499",2,35.7015426981914
"8500",2,43.1686605304145
"8501",2,40.0971944692685
"8502",2,39.5013635763689
"8503",2,28.4406888948173
"8504",2,41.4398509874436
"8505",2,45.7323995470397
"8506",2,40.0493467562846
"8507",2,35.0184075375151
"8508",2,47.2957042957082
"8509",2,41.1435947936935
"8510",2,51.3179718938566
"8511",2,27.9653642001631
"8512",2,70.752116918242
"8513",2,27.7639713893349
"8514",2,33.6295308960446
"8515",2,50.0577072546115
"8516",2,44.7873533755252
"8517",2,23.6453163628591
"8518",2,32.0688104209983
"8519",2,49.7005421960463
"8520",2,74.7765952471902
"8521",2,66.2886817511711
"8522",2,70.8884681833794
"8523",2,56.257554519228
"8524",2,46.1499094562609
"8525",2,36.1183538904533
"8526",2,48.896699592257
"8527",2,32.2591756503544
"8528",2,19.4284666373052
"8529",2,57.4340082643823
"8530",2,33.348061076466
"8531",2,49.6959623899308
"8532",2,21.6190798277375
"8533",2,10.5036068456562
"8534",2,38.1316185310986
"8535",2,23.9911092871252
"8536",2,35.0386589221703
"8537",2,44.0887089702271
"8538",2,33.1226594185066
"8539",2,39.9522304532923
"8540",2,31.0497954958852
"8541",2,27.243506396548
"8542",2,36.6145213213647
"8543",2,54.1576468737995
"8544",2,27.2014781439106
"8545",2,51.9736887630836
"8546",2,33.04187228189
"8547",2,25.0901746138452
"8548",2,48.321240710445
"8549",2,49.7470881083619
"8550",2,56.669761196491
"8551",2,47.699241698173
"8552",2,39.016752109255
"8553",2,62.7861923727903
"8554",2,34.2472305299957
"8555",2,38.4837294716916
"8556",2,35.4970949350497
"8557",2,49.9799172849984
"8558",2,34.9698865714636
"8559",2,48.5713368648666
"8560",2,24.1014204138436
"8561",2,30.4725407961104
"8562",2,43.452522643164
"8563",2,42.1039641595444
"8564",2,31.3277564887886
"8565",2,60.4998484063384
"8566",2,51.1042549924737
"8567",2,40.6787543956888
"8568",2,43.4761641141291
"8569",2,36.2454430678601
"8570",2,57.518569782721
"8571",2,44.5201997970706
"8572",2,19.4469110931644
"8573",2,39.97207087938
"8574",2,38.9327070314044
"8575",2,28.0308875381955
"8576",2,35.0395683845683
"8577",2,66.3454522278912
"8578",2,82.9057199414673
"8579",2,55.4026138751417
"8580",2,34.164942900192
"8581",2,53.8297854282749
"8582",2,49.3041827291527
"8583",2,67.1242460844167
"8584",2,31.86438005046
"8585",2,52.1591738412383
"8586",2,84.7511307795727
"8587",2,18.6925952524745
"8588",2,52.0165389110748
"8589",2,59.2973161033701
"8590",2,46.1918959280984
"8591",2,47.4280272961479
"8592",2,30.7344881182066
"8593",2,30.9367766203848
"8594",2,27.9522543154957
"8595",2,21.6686614739005
"8596",2,45.3949613129735
"8597",2,41.0012803707807
"8598",2,39.187593442152
"8599",2,41.6125047578028
"8600",2,34.5192879164463
"8601",2,67.3574887209582
"8602",2,44.3359750487045
"8603",2,39.2989485782694
"8604",2,27.6107484903519
"8605",2,28.3835766328289
"8606",2,30.786120171152
"8607",2,45.9213159242019
"8608",2,52.6198212150565
"8609",2,32.7890375250122
"8610",2,29.8273433479371
"8611",2,30.990348643148
"8612",2,27.3713958919149
"8613",2,40.9858027834945
"8614",2,57.6386311104517
"8615",2,15.2478316946145
"8616",2,38.5612604211863
"8617",2,59.1082578715325
"8618",2,30.3740313481311
"8619",2,38.2003612575582
"8620",2,50.7268755968092
"8621",2,44.4488584165405
"8622",2,43.9599167175548
"8623",2,17.3677565055942
"8624",2,34.5508836103125
"8625",2,37.2033243493145
"8626",2,54.9266112268288
"8627",2,43.8002828452458
"8628",2,50.1680004876682
"8629",2,51.6552207625099
"8630",2,23.9707080635201
"8631",2,46.9560850455888
"8632",2,46.4644259692625
"8633",2,25.4155761723488
"8634",2,18.7991241239117
"8635",2,42.7815511899246
"8636",2,45.7378548845218
"8637",2,31.4068621361678
"8638",2,54.3466088302275
"8639",2,24.700554555576
"8640",2,70.5511972647236
"8641",2,48.031749728104
"8642",2,62.2365348345612
"8643",2,51.0612447802157
"8644",2,44.165021521348
"8645",2,44.8274079870827
"8646",2,58.6795298097208
"8647",2,55.8187754970538
"8648",2,42.8866071583464
"8649",2,72.8091515366905
"8650",2,27.674480829347
"8651",2,25.2907928009833
"8652",2,81.2487709810941
"8653",2,30.3220681482907
"8654",2,64.0539998249189
"8655",2,51.1421992699408
"8656",2,34.3405097668295
"8657",2,39.7471920361564
"8658",2,34.6513332900544
"8659",2,40.8416840029349
"8660",2,33.5777704328861
"8661",2,27.4684476232453
"8662",2,49.1076638439796
"8663",2,35.92902598255
"8664",2,37.2327727275534
"8665",2,35.2774156430605
"8666",2,44.188286350839
"8667",2,28.4043134719237
"8668",2,43.9768228956851
"8669",2,33.3194426363516
"8670",2,36.7367818913849
"8671",2,33.6031814549182
"8672",2,40.3200679147349
"8673",2,45.4992967990423
"8674",2,29.598151261849
"8675",2,32.7328784163934
"8676",2,37.9365663704601
"8677",2,22.6865524368084
"8678",2,38.0456706321204
"8679",2,65.1636743298239
"8680",2,35.1234851803032
"8681",2,39.0642002376283
"8682",2,27.2101931176716
"8683",2,35.4657963790837
"8684",2,46.6041653906036
"8685",2,50.595911412576
"8686",2,41.6354953877056
"8687",2,36.6473652352254
"8688",2,26.4826719181803
"8689",2,39.3933167136014
"8690",2,43.6753588498702
"8691",2,34.9288521571367
"8692",2,53.1071120992365
"8693",2,42.5951513509509
"8694",2,28.6695172067372
"8695",2,35.0874672799607
"8696",2,32.0614578810854
"8697",2,25.6231874096311
"8698",2,26.8985705875148
"8699",2,35.2505539890519
"8700",2,30.8539798317632
"8701",2,41.5017361707299
"8702",2,20.1475210884928
"8703",2,24.7246999744776
"8704",2,60.1544557269741
"8705",2,35.1680007611989
"8706",2,42.9732618100876
"8707",2,50.8064302633479
"8708",2,38.649979758916
"8709",2,57.7204472358268
"8710",2,51.079710096097
"8711",2,72.6843866072707
"8712",2,52.3419690202812
"8713",2,70.4252447006019
"8714",2,39.9766505993903
"8715",2,26.6555302841223
"8716",2,55.1501873807145
"8717",2,35.7855825897803
"8718",2,46.0987108233171
"8719",2,66.8592807964339
"8720",2,50.7983652440392
"8721",2,23.5399953423106
"8722",2,62.5840033048052
"8723",2,49.8526700139023
"8724",2,38.2639585028543
"8725",2,31.6297988099058
"8726",2,39.0824929283627
"8727",2,25.3712807057841
"8728",2,17.6969338036905
"8729",2,30.4587266246736
"8730",2,39.116103853086
"8731",2,26.0040070159143
"8732",2,17.7243720632706
"8733",2,47.6241644909357
"8734",2,30.4583503465912
"8735",2,40.1573893601218
"8736",2,16.5353490847934
"8737",2,50.7539377269883
"8738",2,29.0482598809695
"8739",2,57.2899873547208
"8740",2,40.4155187677462
"9086",2,47.2871626763486
"9087",2,35.6701148414841
"9088",2,21.8193584942016
"9089",2,71.1422617221469
"9090",2,28.0836683798875
"9091",2,31.4391005008022
"9092",2,35.7996275324364
"9093",2,43.5521477815529
"9094",2,41.2357641599557
"9095",2,23.380491156944
"9096",2,30.967312656063
"9097",2,48.3485191698786
"9098",2,29.1466969103351
"9099",2,42.3990022482728
"9100",2,40.9046784352022
"9101",2,52.893517004246
"9102",2,48.1278205402253
"9103",2,44.3249944486821
"9104",2,54.3387879398416
"9105",2,43.9253271266129
"9106",2,30.0090838172022
"9107",2,35.3576967434405
"9108",2,31.5187032445376
"9109",2,30.7442127766384
"9110",2,57.312287091409
"9111",2,54.019410240201
"9112",2,44.3173832114491
"9113",2,39.6382618272683
"9114",2,39.4169925331015
"9115",2,33.3792980232322
"9116",2,46.1857307251367
"9117",2,24.7799367409459
"9118",2,26.5872242977262
"9119",2,48.754548552503
"9120",2,29.9210439554157
"9121",2,50.3579824831153
"9122",2,40.7888796211681
"9123",2,42.5496742277471
"9124",2,36.8799984136328
"9125",2,33.7304250737467
"9126",2,65.9762283594107
"9127",2,34.8138478943604
"9128",2,81.1999849401143
"9129",2,42.8298544903786
"9130",2,40.1036465557331
"9131",2,47.4314022295081
"9132",2,49.7700432838375
"9133",2,22.7152221301199
"9134",2,37.9645162245121
"9135",2,42.1085804605224
"9136",2,25.4378914652522
"9137",2,27.0125514526258
"9138",2,32.7338181981948
"9139",2,46.9007822201616
"9140",2,33.7840016299213
"9141",2,29.0864093094385
"9142",2,23.5913725642324
"9143",2,21.2184372097698
"9144",2,49.5064679231705
"9145",2,50.7615410175927
"9146",2,25.4312861858854
"9147",2,27.7356898828744
"9148",2,40.5078969355854
"9149",2,72.5010674094237
"9150",2,67.1747361835211
"9151",2,35.1877914339965
"9152",2,30.9226489264553
"9153",2,68.8538563081773
"9154",2,62.2385424231094
"9155",2,22.2659575463018
"9156",2,26.4963787374416
"9157",2,49.714643091923
"9158",2,37.5317368950018
"9159",2,15.4792301263096
"9160",2,41.1319807204947
"9161",2,64.2144247337234
"9162",2,39.8831339970496
"9163",2,52.23915085449
"9164",2,29.6458421293401
"9165",2,38.2758478709883
"9166",2,53.1283686057175
"9167",2,37.7204716534431
"9168",2,38.7412594616332
"9169",2,41.9581811989297
"9170",2,28.0963471820324
"9171",2,30.0271486908527
"9172",2,34.2409250868024
"9173",2,28.4081754359774
"9174",2,56.271096522755
"9175",2,29.4414312224094
"9176",2,38.0983122916878
"9177",2,59.8458302708964
"9178",2,34.3178492637245
"9179",2,31.042519688475
"9180",2,42.4075397081589
"9181",2,39.9415007587943
"9182",2,42.1898066963785
"9183",2,28.7923674760296
"9184",2,31.4977530037813
"9185",2,47.8284961396128
"9186",2,15.0281522161485
"9187",2,57.5443813116349
"9188",2,43.2581378733466
"9189",2,23.414883751317
"9190",2,20.2189143910454
"9191",2,28.856812433804
"9192",2,55.2206172711742
"9193",2,44.569543245043
"9194",2,36.3119868900375
"9195",2,42.5764501545968
"9196",2,58.18066585512
"9197",2,38.1271022146317
"9198",2,37.0651838779526
"9199",2,35.3134366005987
"9200",2,37.0123365397731
"9316",2,54.9485144219486
"9317",2,35.6642297387086
"9318",2,38.448437412234
"9319",2,38.5531093380368
"9320",2,38.9249374942154
"9321",2,36.9527829106816
"9322",2,30.6546120317449
"9323",2,42.0465205483158
"9324",2,32.4093153907089
"9325",2,39.1274320326851
"9326",2,38.4501607658363
"9327",2,25.5910483477674
"9328",2,56.5286457476245
"9329",2,42.0623315747915
"9330",2,35.1601596697587
"9331",2,46.5239581563954
"9332",2,27.6169741765394
"9333",2,69.4786568756068
"9334",2,46.4035068950202
"9335",2,35.9949474550931
"9336",2,56.0980973050436
"9337",2,41.7539686894236
"9338",2,32.5471519496274
"9339",2,24.3925937073611
"9340",2,39.0444896592624
"9341",2,48.1123438979877
"9342",2,43.9080989897949
"9343",2,24.4397610579269
"9344",2,45.204185886255
"9345",2,32.9185169233644
"9346",2,39.6821757619048
"9347",2,58.0225417517781
"9348",2,44.0191620510756
"9349",2,46.7615917361062
"9350",2,29.929310480225
"9351",2,42.5033830304448
"9352",2,23.9295477165885
"9353",2,51.7097599976861
"9354",2,30.6660391778792
"9355",2,26.1572921450816
"9356",2,29.6320494526157
"9357",2,48.5515008815564
"9358",2,41.9894376437917
"9359",2,19.1224389990263
"9360",2,18.1514796024736
"9361",2,34.7233317905274
"9362",2,29.3426015448977
"9363",2,40.0998941973751
"9364",2,32.994878093997
"9365",2,34.2887663241668
"9366",2,43.3595656787598
"9367",2,48.6183920776873
"9368",2,34.5668939684333
"9369",2,45.8287519846017
"9370",2,20.8468939359833
"9371",2,30.8976113331758
"9372",2,43.273929071616
"9373",2,34.964776576832
"9374",2,48.2915608916498
"9375",2,26.7235496396041
"9376",2,50.642698463768
"9377",2,50.5382191072648
"9378",2,41.9063032467474
"9379",2,38.6982256126034
"9380",2,52.2205743037959
"9381",2,36.7858962591863
"9382",2,43.4013379306378
"9383",2,26.9499234471663
"9384",2,31.4421868230777
"9385",2,44.7369060171867
"9386",2,32.4659313639011
"9387",2,35.5929979187127
"9388",2,55.3101473857013
"9389",2,41.7930415759942
"9390",2,46.4239713402026
"9391",2,54.1766173265886
"9392",2,36.358826890105
"9393",2,35.6612167511236
"9394",2,54.6187307653919
"9395",2,21.8535348529178
"9396",2,44.5977690468753
"9397",2,40.9289185128772
"9398",2,63.9114095431881
"9399",2,37.3284542391353
"9400",2,42.2169988631816
"9401",2,25.5451412867922
"9402",2,35.3202760423933
"9403",2,27.1931114737926
"9404",2,47.7388113473427
"9405",2,40.6255194163819
"9406",2,35.431347414219
"9407",2,43.0063686129274
"9408",2,59.9928530456309
"9409",2,31.7292492147852
"9410",2,46.7021771683437
"9411",2,39.9768359668369
"9412",2,27.600719169585
"9413",2,22.6092942846383
"9414",2,58.2140071219717
"9415",2,63.19241902831
"9416",2,57.6728781813373
"9417",2,28.3851747532324
"9418",2,35.1060253377297
"9419",2,70.6072639523673
"9420",2,50.0947901337047
"9421",2,48.6892080074711
"9422",2,68.5579458278046
"9423",2,26.9477539654536
"9424",2,33.7646357259591
"9425",2,33.1925139377325
"9426",2,34.4892449459077
"9427",2,27.3209053273995
"9428",2,40.7681085372327
"9429",2,37.0217957751489
"9430",2,28.9134518791085
"9431",2,68.9346457187849
"9432",2,40.3529513701204
"9433",2,16.5781015567679
"9434",2,35.5846768592079
"9435",2,15.5244145703095
"9436",2,36.5463564100514
"9437",2,44.607477458223
"9438",2,32.9242069789001
"9439",2,39.1347062155505
"9440",2,44.0006916279751
"9441",2,34.8581187934747
"9442",2,60.2689166307326
"9443",2,69.436563332518
"9444",2,51.013573935687
"9445",2,53.4065232354974
"9446",2,78.6533181716054
"9447",2,37.8889253080654
"9448",2,41.8404084861415
"9449",2,23.054570300061
"9450",2,38.76189540143
"9451",2,33.1040059896731
"9452",2,37.7890048732508
"9453",2,41.1997556385343
"9454",2,37.8848779718552
"9455",2,36.0403538667134
"9456",2,16.052599154249
"9457",2,57.5252525402147
"9458",2,48.2555887314022
"9459",2,21.0079172175144
"9460",2,39.9834032162415
"9461",2,61.2447001475085
"9462",2,67.5513672819084
"9463",2,81.3784192303397
"9464",2,32.9113758443084
"9465",2,53.187004486453
"9466",2,60.9124559700081
"9467",2,30.5885159855391
"9468",2,47.5593634724905
"9469",2,43.6057605064143
"9470",2,58.5874736859115
"9471",2,42.9450311240847
"9472",2,36.4994054079516
"9473",2,46.1524545333582
"9474",2,27.5526940213691
"9475",2,48.7438161318463
"9476",2,35.1058160988865
"9477",2,45.7104970337258
"9478",2,42.5936516407474
"9479",2,43.2878849168742
"9480",2,31.062088961958
"9481",2,38.1896027970696
"9482",2,34.2661504469602
"9483",2,47.7852807730816
"9484",2,72.1057597225886
"9485",2,47.2713328535031
"9486",2,26.1035561264869
"9487",2,26.5460018244088
"9488",2,39.8945319258277
"9489",2,53.9757416817312
"9490",2,60.9526877054842
"9491",2,27.1417492396103
"9492",2,40.914167443125
"9493",2,41.2565780269293
"9494",2,38.167702416155
"9495",2,25.8795263796787
"9496",2,48.1782356242278
"9497",2,20.1202221353032
"9498",2,49.1197053163732
"9499",2,22.8408391208468
"9500",2,35.4077497532372
"9501",2,37.7124575784791
"9502",2,31.6034685231572
"9503",2,32.7592127031858
"9504",2,45.9353083639123
"9505",2,58.9426588659989
"9506",2,40.0359027084283
"9507",2,32.4672462749132
"9508",2,31.6942262133312
"9509",2,49.5351795430359
"9510",2,33.9445018055077
"9511",2,23.1147648934359
"9512",2,40.1292309345988
"9513",2,52.5244383442306
"9514",2,45.8005392423673
"9515",2,66.2286406425364
"9516",2,81.4516743708753
"9517",2,48.1737299112119
"9518",2,37.3209094988926
"9519",2,58.4066673967349
"9520",2,49.9957376920613
"9521",2,74.183012618803
"9522",2,44.1868633147806
"9523",2,37.4985657586937
"9524",2,51.459280789633
"9525",2,42.4712042271927
"9526",2,45.0025047597847
"9527",2,59.7000498191873
"9528",2,25.5970164908815
"9529",2,32.4417322361222
"9530",2,31.1252061335644
"9531",2,29.0661139671417
"9532",2,40.3032263864905
"9533",2,33.8111734567705
"9534",2,49.050799817327
"9535",2,58.7158939419319
"9536",2,31.5105513655697
"9537",2,45.1150897075037
"9538",2,43.7569553103627
"9539",2,28.875040461656
"9540",2,42.9421726168351
"9541",2,30.4106422962099
"9542",2,27.5724028043338
"9543",2,20.757721984452
"9544",2,66.3037722597197
"9545",2,37.9687685668508
"10236",2,25.0052995384177
"10237",2,41.9513164415261
"10238",2,48.5633443437998
"10239",2,42.9917098433668
"10240",2,34.1641864652036
"10241",2,45.7529001172068
"10242",2,37.1727532215288
"10243",2,32.2924000967338
"10244",2,39.4412657002415
"10245",2,41.9375639285987
"10246",2,39.9106416192267
"10247",2,56.9306310232919
"10248",2,52.7696439571826
"10249",2,51.4436233558131
"10250",2,31.7233781758593
"10251",2,52.3117516364097
"10252",2,40.2454740104968
"10253",2,51.5181692346254
"10254",2,44.3042997517283
"10255",2,34.175582110015
"10256",2,42.1435244118197
"10257",2,32.9689999969096
"10258",2,35.6154932502422
"10259",2,66.0377939628189
"10260",2,60.8229005898835
"10261",2,34.4675365757004
"10262",2,33.6679258767806
"10263",2,57.3797514063688
"10264",2,39.4101982193408
"10265",2,44.0404232315802
"10266",2,38.7677555705766
"10267",2,56.887124764408
"10268",2,43.42422447385
"10269",2,36.6037022511724
"10270",2,51.8004806519764
"10271",2,53.0623482906492
"10272",2,46.3790490724608
"10273",2,62.7127433408561
"10274",2,34.5848230094175
"10275",2,37.1251681498925
"10276",2,34.2222887337668
"10277",2,52.5385724487536
"10278",2,39.1168920915185
"10279",2,36.5866531905061
"10280",2,13.0090476867136
"10281",2,41.2630652259351
"10282",2,37.588897551323
"10283",2,87.9300302806181
"10284",2,26.9589886382289
"10285",2,51.1151856500366
"10286",2,47.3747003896298
"10287",2,39.2673241219088
"10288",2,45.0694967047007
"10289",2,51.9922883192616
"10290",2,36.9897639081321
"10291",2,32.1726616593211
"10292",2,32.2406548849788
"10293",2,18.0656981462945
"10294",2,36.6385525759681
"10295",2,39.3895365410762
"10296",2,59.8522213745804
"10297",2,46.7825606777036
"10298",2,51.8978903879368
"10299",2,26.819101430368
"10300",2,46.4653000835755
"10301",2,30.1007381154389
"10302",2,43.2059713100869
"10303",2,65.5399670269364
"10304",2,25.1957184256929
"10305",2,39.3428178883513
"10306",2,38.5983285338058
"10307",2,48.0631604480127
"10308",2,72.494483192406
"10309",2,17.9618982749905
"10310",2,56.6713867717355
"10311",2,31.2254005609951
"10312",2,40.6817239797267
"10313",2,55.3190819125951
"10314",2,62.9381705720898
"10315",2,61.8488152385422
"10316",2,67.309309902039
"10317",2,18.8361742109658
"10318",2,32.9427055336541
"10319",2,35.6799813278469
"10320",2,47.4292223520182
"10321",2,28.9860262310763
"10322",2,34.0341790320824
"10323",2,39.2143914656275
"10324",2,20.8155998578105
"10325",2,44.7085655288787
"10326",2,38.8989627543292
"10327",2,53.8145636243233
"10328",2,27.7265043351746
"10329",2,38.579749975864
"10330",2,56.0389472506587
"10331",2,20.6889698487767
"10332",2,50.0831572332766
"10333",2,38.5090588699737
"10334",2,25.2518599871522
"10335",2,30.9265505188748
"10336",2,29.2468710638831
"10337",2,42.51433642916
"10338",2,63.8653664877494
"10339",2,42.712423672157
"10340",2,33.0907650569606
"10341",2,35.7083266892769
"10342",2,45.887129127637
"10343",2,40.6475637028359
"10344",2,47.7424587775416
"10345",2,41.2542838043529
"10346",2,40.0690793303206
"10347",2,26.6651100670471
"10348",2,26.5658258093944
"10349",2,28.3402721275787
"10350",2,38.9315758121739
"10466",2,47.6623546962638
"10467",2,33.3464145534345
"10468",2,63.2651622755335
"10469",2,51.152744586537
"10470",2,22.0761987086653
"10471",2,31.521416688692
"10472",2,64.5646874593138
"10473",2,20.475456443879
"10474",2,34.2081911839933
"10475",2,41.3177585470938
"10476",2,26.891539861098
"10477",2,58.2518995222689
"10478",2,33.0288171821142
"10479",2,34.670121375512
"10480",2,22.654248401967
"10481",2,39.8151278937234
"10482",2,32.5634251251134
"10483",2,34.1831366148348
"10484",2,36.8427680940557
"10485",2,56.0270455680427
"10486",2,31.6494227005659
"10487",2,31.9869939652624
"10488",2,40.5901530351034
"10489",2,44.0320289439903
"10490",2,20.7875177121063
"10491",2,24.6944743142697
"10492",2,40.1309709982216
"10493",2,51.9565261064123
"10494",2,42.3069253372543
"10495",2,32.2672093835998
"10496",2,36.9477481184888
"10497",2,53.468651655523
"10498",2,50.2429565818773
"10499",2,26.7057747279505
"10500",2,53.7313916897632
"10501",2,31.7194956409834
"10502",2,47.4646590660309
"10503",2,37.8274978848138
"10504",2,37.452925560384
"10505",2,47.4569393983163
"10506",2,81.7798573074835
"10507",2,39.153449828804
"10508",2,30.1525361521989
"10509",2,54.5641726319053
"10510",2,35.7600440600126
"10511",2,39.005608105951
"10512",2,28.8528218291591
"10513",2,45.432266787186
"10514",2,24.1082468269273
"10515",2,26.4048825869978
"10516",2,45.8799689206688
"10517",2,60.1677403715315
"10518",2,52.2286815441328
"10519",2,50.1356022759994
"10520",2,23.010029210127
"10521",2,45.7153560533109
"10522",2,31.0811332488791
"10523",2,40.3899131283633
"10524",2,59.5688187890414
"10525",2,23.1763096422995
"10526",2,52.1336773728386
"10527",2,20.8269856595904
"10528",2,24.6002228497643
"10529",2,42.5078051422529
"10530",2,64.8280149484668
"10531",2,32.8393501023503
"10532",2,29.185152574419
"10533",2,39.3039519256937
"10534",2,53.9059104523996
"10535",2,51.6305166958466
"10536",2,38.420761506663
"10537",2,54.0185103101263
"10538",2,41.938890778544
"10539",2,38.58847648202
"10540",2,40.1214978300809
"10541",2,56.2303852232441
"10542",2,30.2732258378081
"10543",2,28.0108190728528
"10544",2,35.734617949455
"10545",2,38.1737428504273
"10546",2,47.4211924234694
"10547",2,44.8991621522709
"10548",2,67.5519352073518
"10549",2,36.0046943809582
"10550",2,69.9680251529707
"10551",2,60.7132604731097
"10552",2,51.3831206028732
"10553",2,43.6679177115219
"10554",2,42.2889087484849
"10555",2,20.5853730607327
"10556",2,23.4190272244869
"10557",2,30.3515839598427
"10558",2,40.6470433391138
"10559",2,58.2278727181982
"10560",2,28.6386165787009
"10561",2,43.6405765925102
"10562",2,18.21198625745
"10563",2,81.1168555529739
"10564",2,37.1296202199551
"10565",2,20.2796183009466
"10566",2,54.6426364682617
"10567",2,57.7626340647505
"10568",2,50.3987684366576
"10569",2,52.9309549103951
"10570",2,36.8810156273271
"10571",2,59.2918120049634
"10572",2,36.649834508553
"10573",2,20.235159442683
"10574",2,69.8306184220311
"10575",2,57.0919260009346
"10576",2,49.810145173744
"10577",2,25.5891841178287
"10578",2,52.751061665855
"10579",2,37.852781412256
"10580",2,56.7214719046369
"10581",2,71.0748716983293
"10582",2,33.4791066396563
"10583",2,46.7774223402003
"10584",2,60.0576659731399
"10585",2,55.6421759273283
"10586",2,40.2177392879515
"10587",2,32.7543579061082
"10588",2,48.2373858334435
"10589",2,49.0216937418357
"10590",2,29.9557400396281
"10591",2,22.9206424601296
"10592",2,47.2069243560645
"10593",2,39.2913720442418
"10594",2,30.7695485038307
"10595",2,39.6090991088011
"10596",2,54.0586644763513
"10597",2,43.3463916615097
"10598",2,37.0678259180695
"10599",2,31.2304407501729
"10600",2,40.2432300212699
"10601",2,36.509863546042
"10602",2,40.0113532879838
"10603",2,51.0983596834486
"10604",2,54.5108407053038
"10605",2,24.339492500575
"10606",2,47.013685914088
"10607",2,34.926309868825
"10608",2,47.9807253815953
"10609",2,18.3149359057491
"10610",2,83.5391504287056
"10611",2,39.0340790072067
"10612",2,36.9582288563892
"10613",2,43.1550846732242
"10614",2,29.2876642131987
"10615",2,39.9184790290184
"10616",2,45.4053161848633
"10617",2,35.4476405940555
"10618",2,52.6731015018657
"10619",2,33.9004773533553
"10620",2,47.5291423566927
"10621",2,36.2498557565845
"10622",2,21.1361720938315
"10623",2,43.7126001548188
"10624",2,41.0813085659235
"10625",2,50.0265288661345
"10626",2,64.4759909173074
"10627",2,40.0270408473517
"10628",2,57.7445436024413
"10629",2,40.0585191624774
"10630",2,33.3941490534967
"10631",2,33.7913441392548
"10632",2,53.4926704479133
"10633",2,40.056639889467
"10634",2,50.3038191287867
"10635",2,41.016427357466
"10636",2,28.7823481291697
"10637",2,41.1333010960376
"10638",2,29.0851247521631
"10639",2,19.3003462668086
"10640",2,29.2723627536505
"10641",2,23.7510131041041
"10642",2,26.2426051310804
"10643",2,31.0363561376674
"10644",2,50.7057224578264
"10645",2,34.4913560127499
"10646",2,33.9015723870589
"10647",2,27.0358372587408
"10648",2,37.687624634837
"10649",2,53.2545815836803
"10650",2,50.4828474447226
"10651",2,50.1229432995391
"10652",2,45.6948885564229
"10653",2,26.3456643062622
"10654",2,43.0547667882238
"10655",2,32.3155074468995
"10656",2,37.2423073976691
"10657",2,56.7147978544059
"10658",2,40.5985016307327
"10659",2,44.8206654214962
"10660",2,45.7376866412481
"10661",2,46.8227165519792
"10662",2,27.4748038056146
"10663",2,44.7103203901965
"10664",2,51.4038664435109
"10665",2,28.4989333190682
"10666",2,33.323131320557
"10667",2,19.0467129157376
"10668",2,43.2051649503574
"10669",2,37.9409994607163
"10670",2,26.932456366641
"10671",2,33.9638222497868
"10672",2,24.1417420229228
"10673",2,52.1804305521078
"10674",2,30.6090834949
"10675",2,46.7894617773064
"10676",2,36.2778008511934
"10677",2,45.4585602233029
"10678",2,31.939864815384
"10679",2,52.2364045531378
"10680",2,38.4360924354709
"10681",2,45.8045515461092
"10682",2,45.9477821522789
"10683",2,49.995635226671
"10684",2,40.4709236222192
"10685",2,45.3283617786369
"10686",2,32.8873239103058
"10687",2,18.1711252621364
"10688",2,52.9334638627044
"10689",2,40.4731411984744
"10690",2,30.157103226556
"10691",2,29.0500469759378
"10692",2,38.7861286734317
"10693",2,20.3627386034436
"10694",2,58.3915766811619
"10695",2,36.6865623355213
"10696",2,40.6627304992479
"10697",2,45.3489998163191
"10698",2,22.1783833074962
"10699",2,64.7980182725693
"10700",2,66.4928143912945
"10701",2,22.8824203634421
"10702",2,25.6296119308383
"10703",2,43.6704942992192
"10704",2,49.7985397792825
"10705",2,15.048427908469
"10706",2,83.2695413616906
"10707",2,28.692466799635
"10708",2,36.4745812213727
"10709",2,39.045360266482
"10710",2,34.6972453912115
"10711",2,32.0726129434747
"10712",2,40.2884938658809
"10713",2,61.0379235936705
"10714",2,59.5560852616422
"10715",2,24.7985221784949
"10716",2,33.6528560413773
"10717",2,66.8657297783402
"10718",2,63.3375956504829
"10719",2,27.9993572827196
"10720",2,69.1329173994403
"10721",2,28.3760073605811
"10722",2,32.1002014941211
"10723",2,42.2022263607717
"10724",2,37.1691618655277
"10725",2,20.418494918548
"10726",2,25.9848058755777
"10727",2,51.1087859143664
"10728",2,15.6903533333267
"10729",2,45.5922198555217
"10730",2,24.2193687481205
"10731",2,37.5817097098249
"10732",2,39.0811992719882
"10733",2,58.1460783560246
"10734",2,33.8499507907928
"10735",2,33.0370442815476
"10736",2,51.4594339121598
"10737",2,34.7086252634286
"10738",2,46.2216893263567
"10739",2,54.4312062589097
"10740",2,30.8637320275883
"10741",2,50.0246983064166
"10742",2,35.0389129841493
"10743",2,45.9980033283891
"10744",2,34.3913008735232
"10745",2,64.9415299897682
"10746",2,54.0430476396168
"10747",2,37.1326917432995
"10748",2,15.0749226423567
"10749",2,58.7527436725729
"10750",2,37.2863139002973
"10751",2,25.001644907845
"10752",2,41.1016596102869
"10753",2,39.8390078481398
"10754",2,33.9930436871014
"10755",2,54.4198729760591
"10756",2,29.8331876330627
"10757",2,41.9508092509937
"10758",2,25.7379694201931
"10759",2,44.593474334625
"10760",2,43.7815527569886
"10761",2,23.6914823231564
"10762",2,35.0489725591398
"10763",2,49.1574365086649
"10764",2,57.2331008843566
"10765",2,47.0347416009449
"10766",2,35.2624179601216
"10767",2,75.8123138094311
"10768",2,33.8941922663937
"10769",2,26.6650505490761
"10770",2,31.6592861219169
"10771",2,59.7185860701956
"10772",2,34.6576530416663
"10773",2,46.7211325829976
"10774",2,64.9702620044866
"10775",2,35.3864887345912
"10776",2,31.8258886864718
"10777",2,33.6457195594325
"10778",2,88.8836582529595
"10779",2,30.5030782354091
"10780",2,43.8133064663351
"10781",2,52.0666823687735
"10782",2,26.89175887407
"10783",2,45.2714444482768
"10784",2,53.2215614584269
"10785",2,39.3232131972681
"10786",2,30.2809574018982
"10787",2,37.1362222628761
"10788",2,44.4921561047863
"10789",2,33.4778635623783
"10790",2,49.1908085028987
"10791",2,36.4566961929092
"10792",2,31.7933171987794
"10793",2,62.4248517020351
"10794",2,23.9699461882443
"10795",2,43.8406801128044
"10796",2,36.2950219677508
"10797",2,38.2087736276377
"10798",2,38.2769606009934
"10799",2,30.0772922957813
"10800",2,32.0217598168432
"10801",2,33.4034711424507
"10802",2,53.0563093109533
"10803",2,53.4694431522214
"10804",2,50.3717736148315
"10805",2,52.7056721636026
"10806",2,75.8256288727322
"10807",2,88.0146149736318
"10808",2,34.1330604030309
"10809",2,21.5951640052905
"10810",2,47.0054442350847
"10811",2,30.98251872184
"10812",2,44.5182880211111
"10813",2,26.8058428008508
"10814",2,46.3840369590347
"10815",2,26.0855028896154
"10816",2,70.6369617040623
"10817",2,29.0214467758606
"10818",2,55.9715964506936
"10819",2,28.8937196509025
"10820",2,44.9077822565698
"10821",2,34.0846576364
"10822",2,48.9824217675227
"10823",2,59.6139038382784
"10824",2,66.7387436820435
"10825",2,42.6241595399283
"10826",2,27.1698089911672
"10827",2,30.8424591855394
"10828",2,71.3099429462291
"10829",2,41.2365957966448
"10830",2,34.2992734531727
"10831",2,46.5408951619409
"10832",2,24.2477356246187
"10833",2,34.4547664725285
"10834",2,29.9955583347798
"10835",2,15.7407061140862
"10836",2,45.9861028979084
"10837",2,33.1071095279016
"10838",2,42.5238554388011
"10839",2,51.719449953513
"10840",2,39.0054740624276
"10841",2,54.1134558147396
"10842",2,28.9923058112485
"10843",2,39.9003739531659
"10844",2,28.1340118060014
"10845",2,58.8595172780437
"10846",2,50.6861054966241
"10847",2,26.0350968521977
"10848",2,48.4794982130717
"10849",2,45.2305083534577
"10850",2,48.5800105680268
"10851",2,75.015888474155
"10852",2,30.2206946019057
"10853",2,43.1603856072131
"10854",2,51.0049377503331
"10855",2,37.6676880938059
"10856",2,34.8585947604093
"10857",2,44.2210060679717
"10858",2,51.1775253162624
"10859",2,26.392943326249
"10860",2,37.4580254498481
"10861",2,36.2880417561776
"10862",2,40.2205486462285
"10863",2,63.7574516129001
"10864",2,29.8874195906136
"10865",2,37.8817192937346
"10866",2,23.1842450289329
"10867",2,32.0275864277817
"10868",2,37.5947605025223
"10869",2,34.5255225304324
"10870",2,32.4641829028936
"10871",2,44.2820468786361
"10872",2,38.7688722928205
"10873",2,31.3307885878231
"10874",2,26.8628817674674
"10875",2,49.247016956184
"10876",2,27.0507292514279
"10877",2,51.4306579176241
"10878",2,38.3356544774324
"10879",2,45.0380021218045
"10880",2,22.8901052801895
"10881",2,39.1650447657292
"10882",2,42.1143195981203
"10883",2,68.0354383105307
"10884",2,54.2484635447932
"10885",2,34.5390634509672
"10886",2,74.9622071085812
"10887",2,25.1879080338383
"10888",2,44.9231682028811
"10889",2,44.0161222061464
"10890",2,54.8674741123884
"10891",2,46.6207966829368
"10892",2,38.7260043051261
"10893",2,34.2056870246688
"10894",2,25.0664835277279
"10895",2,56.9396533355248
"10896",2,39.2896209573572
"10897",2,32.3144626723412
"10898",2,52.7436326037474
"10899",2,50.8777818566763
"10900",2,43.259788160287
"10901",2,22.1368491215624
"10902",2,46.0304747240622
"10903",2,83.8998742079364
"10904",2,23.6520939365825
"10905",2,32.5639369124474
"10906",2,56.2003341525399
"10907",2,41.7126126168467
"10908",2,45.6125973089426
"10909",2,43.9891899220428
"10910",2,35.050247152754
"10911",2,47.6528691823982
"10912",2,42.7421865954951
"10913",2,27.5937507874816
"10914",2,21.5858154793588
"10915",2,39.1866752142006
"10916",2,17.9617072984256
"10917",2,33.0816700470739
"10918",2,38.3393597243219
"10919",2,81.8746225195229
"10920",2,15.5801354590033
"10921",2,53.7420635912063
"10922",2,31.1817043932684
"10923",2,19.7458105185884
"10924",2,25.7397745503113
"10925",2,47.5198451930262
"10926",2,37.0206914140861
"10927",2,40.2180941561122
"10928",2,34.6779619952256
"10929",2,37.8805068246686
"10930",2,23.6157018853682
"10931",2,52.102336260591
"10932",2,57.1586352075992
"10933",2,49.1506566798625
"10934",2,25.8578432589386
"10935",2,35.6140025308364
"10936",2,47.7526493760588
"10937",2,46.5814954776568
"10938",2,17.6559321446245
"10939",2,23.4033368837837
"10940",2,30.7138178621661
"10941",2,20.5086293741361
"10942",2,51.5201414358058
"10943",2,34.7951180784239
"10944",2,53.073700924798
"10945",2,37.5064387700126
"10946",2,59.1336483397768
"10947",2,14.1593356714404
"10948",2,30.9549970556423
"10949",2,52.5391541154028
"10950",2,43.66736709675
"10951",2,36.3188755627351
"10952",2,62.345948805523
"10953",2,34.9074915395749
"10954",2,84.7267700157522
"10955",2,39.1851386488921
"10956",2,29.9884524789614
"10957",2,37.5628688673616
"10958",2,49.3704989083006
"10959",2,58.6509700528625
"10960",2,53.5382815884749
"10961",2,29.3343379976962
"10962",2,19.941378929814
"10963",2,47.2270882916333
"10964",2,41.0650490916851
"10965",2,66.5984127244204
"10966",2,44.2383347207789
"10967",2,60.9111096731561
"10968",2,36.7061629908478
"10969",2,39.0965522447611
"10970",2,37.2232927178682
"10971",2,63.1926490189476
"10972",2,49.86468373719
"10973",2,31.7655658136566
"10974",2,40.8477492595648
"10975",2,29.6821968566149
"10976",2,15.0945225446893
"10977",2,31.3573385133757
"10978",2,34.0403811705125
"10979",2,32.7779637356772
"10980",2,51.5199831704037
"10981",2,23.177849747025
"10982",2,35.6292553137114
"10983",2,43.714222888203
"10984",2,41.1784062039495
"10985",2,32.2536569165758
"10986",2,57.4792600031093
"10987",2,85.9340208092254
"10988",2,39.9250120297859
"10989",2,41.4608623992929
"10990",2,59.947432587779
"10991",2,50.0151280827296
"10992",2,47.0848036737236
"10993",2,25.8118792622951
"10994",2,34.4248027451886
"10995",2,25.3263792943916
"10996",2,28.5051867395434
"10997",2,27.7901212271879
"10998",2,52.3054892967731
"10999",2,22.8497783033284
"11000",2,43.1024321008993
"11001",2,34.6871217687166
"11002",2,43.2264962840935
"11003",2,25.9389581411492
"11004",2,50.1015031535764
"11005",2,43.395780013168
"11006",2,48.9192341617723
"11007",2,30.5150976400036
"11008",2,28.1036898471658
"11009",2,22.3560430350716
"11010",2,32.4403777730557
"11011",2,29.987411129041
"11012",2,40.9443705867925
"11013",2,36.8508074770187
"11014",2,46.2444883522792
"11015",2,47.8899416560796
"11016",2,39.659345140557
"11017",2,49.7656943122653
"11018",2,59.2112895741255
"11019",2,48.0506215307696
"11020",2,53.8614714736013
"11021",2,61.9718496235517
"11022",2,44.0877744368389
"11023",2,39.0007421501416
"11024",2,46.7507709464118
"11025",2,45.9225180271162
"11026",2,41.2146126272035
"11027",2,32.361683142254
"11028",2,47.759114849535
"11029",2,29.9490767600055
"11030",2,32.464325341845
"11031",2,36.2248093704263
"11032",2,31.006007216108
"11033",2,36.4072284802653
"11034",2,79.2717599367389
"11035",2,53.1929765769814
"11036",2,30.6528458433141
"11037",2,84.427283994125
"11038",2,32.2819935641708
"11039",2,42.4612380633355
"11040",2,58.2200271817972
"11041",2,56.6372478961922
"11042",2,54.6304833648878
"11043",2,29.7286680912303
"11044",2,24.8931282382742
"11045",2,60.8395832929523
"11046",2,38.852616519152
"11047",2,42.9238832293182
"11048",2,45.7459987145838
"11049",2,21.4214195181391
"11050",2,38.0094025102275
"11051",2,52.2738187594408
"11052",2,46.8584858126172
"11053",2,58.1193803330194
"11054",2,34.2297315384358
"11055",2,38.5982233248614
"11056",2,40.0635645062565
"11057",2,36.3635066821243
"11058",2,33.9353941821378
"11059",2,28.6028763096217
"11060",2,36.4299535259788
"11061",2,25.085638395581
"11062",2,23.7539933655739
"11063",2,33.099670916626
"11064",2,25.169271838102
"11065",2,77.6710782507039
"11066",2,44.1936775109141
"11067",2,52.4230915801545
"11068",2,33.3587606745368
"11069",2,23.5094296722763
"11070",2,33.7809345999197
"11071",2,56.8872046927574
"11072",2,55.1840390098803
"11073",2,29.9314556654796
"11074",2,19.7241746329464
"11075",2,35.2202639888884
"11076",2,35.9034591187769
"11077",2,51.31518079976
"11078",2,32.157534356174
"11079",2,22.9642256791818
"11080",2,48.9823658945153
"11081",2,30.7876969584908
"11082",2,43.775926770002
"11083",2,37.2201316295329
"11084",2,34.1649200112878
"11085",2,43.6465705775018
"11086",2,46.3358450143465
"11087",2,28.8743548465316
"11088",2,35.925044662316
"11089",2,55.2627066026527
"11090",2,36.2380726183073
"11091",2,23.5299879202682
"11092",2,26.4492449578061
"11093",2,50.0810925608455
"11094",2,34.0476667117274
"11095",2,42.0531916647212
"11096",2,62.4141501045991
"11097",2,56.543817260927
"11098",2,41.1796027901352
"11099",2,35.9976125948021
"11100",2,43.7246399851544
"11101",2,32.3985247837741
"11102",2,41.8255753534617
"11103",2,54.6009293789738
"11104",2,32.1569805453373
"11105",2,53.2218766612167
"11106",2,52.0934791111552
"11107",2,49.5712053107921
"11108",2,48.5780181866139
"11109",2,33.9911176230715
"11110",2,52.7228478225163
"11111",2,46.5025403547413
"11112",2,15.8370649748049
"11113",2,43.9524138569337
"11114",2,46.8701178831674
"11115",2,43.8511985495154
"11116",2,38.6911733554608
"11117",2,47.9333450591138
"11118",2,33.0380606113285
"11119",2,59.095848227549
"11120",2,45.5478155194839
"11121",2,33.9509430610829
"11122",2,51.7380984684148
"11123",2,59.4016397970248
"11124",2,30.4267867527983
"11125",2,29.1994814025909
"11126",2,30.3736700932655
"11127",2,20.1974903057941
"11128",2,36.6596897713879
"11129",2,22.2801669416776
"11130",2,57.3773166204937
"11131",2,45.3715569054901
"11132",2,35.2941571914751
"11133",2,28.191346477601
"11134",2,48.9618477624559
"11135",2,46.3330035732978
"11136",2,36.266596509413
"11137",2,63.5619621830818
"11138",2,21.2507162144961
"11139",2,39.3406580888488
"11140",2,42.2590674524046
"11141",2,47.8971810877475
"11142",2,27.7375345033809
"11143",2,52.8915664653571
"11144",2,34.1613994814137
"11145",2,50.3721197669443
"11146",2,33.7267087947248
"11147",2,27.2418805002213
"11148",2,25.6289838227233
"11149",2,56.6705012221577
"11150",2,39.9781282643399
"11151",2,25.562055205533
"11152",2,37.9446845137801
"11153",2,30.5083475624268
"11154",2,24.8569105398485
"11155",2,43.5014507254653
"11386",2,31.6339232175595
"11387",2,49.2996744676762
"11388",2,46.4768474501008
"11389",2,34.9645966430927
"11390",2,35.888145146274
"11391",2,21.2446286887721
"11392",2,59.8684074833928
"11393",2,32.3332546346867
"11394",2,35.3814262311054
"11395",2,48.0745207079263
"11396",2,32.7643082875532
"11397",2,33.583751552789
"11398",2,20.3946115882245
"11399",2,35.6047487765031
"11400",2,24.7596410892919
"11401",2,50.8182696528065
"11402",2,38.2214224099889
"11403",2,40.1875158656834
"11404",2,65.4280650223473
"11405",2,15.019223258588
"11406",2,36.1714944522707
"11407",2,37.1120553991957
"11408",2,50.5525236544295
"11409",2,28.4590132958304
"11410",2,34.3803011986196
"11411",2,32.2387586797182
"11412",2,43.6974952861884
"11413",2,39.2416285609719
"11414",2,45.7948125283314
"11415",2,32.9835309977586
"11416",2,35.9228836633062
"11417",2,37.6274285504803
"11418",2,36.6000433395732
"11419",2,26.0048440188622
"11420",2,66.880767761283
"11421",2,58.9611147957727
"11422",2,37.827478231172
"11423",2,40.2083501672675
"11424",2,31.1143519065002
"11425",2,43.7124509510934
"11426",2,24.0807992147874
"11427",2,46.4358988652169
"11428",2,19.3627999472894
"11429",2,27.8391244096977
"11430",2,70.8966342777753
"11431",2,38.5737291922464
"11432",2,36.3556381335182
"11433",2,38.0869615537572
"11434",2,33.3089224026485
"11435",2,53.1332317249417
"11436",2,36.6073533218268
"11437",2,49.5215994652059
"11438",2,68.392900233487
"11439",2,63.3565185864901
"11440",2,33.8982186930231
"11441",2,38.9885195963053
"11442",2,50.788130440735
"11443",2,30.2924932888873
"11444",2,28.4072298329848
"11445",2,43.8289932506974
"11446",2,60.5648095043029
"11447",2,35.8389875761281
"11448",2,41.6953747631941
"11449",2,22.0780660905294
"11450",2,54.7774498044845
"11451",2,32.6981602701268
"11452",2,45.5232917859648
"11453",2,28.486058285419
"11454",2,32.0283993249543
"11455",2,76.0552847638394
"11456",2,70.8031658194395
"11457",2,30.4785717984474
"11458",2,50.1375422480893
"11459",2,30.421196559466
"11460",2,34.6064431376949
"11461",2,52.0270477888426
"11462",2,37.8225955792846
"11463",2,62.9289129520229
"11464",2,55.638478834441
"11465",2,23.6215237644105
"11466",2,30.4453580100698
"11467",2,29.0095336475545
"11468",2,50.6961781552949
"11469",2,31.394945791116
"11470",2,28.4297795882134
"11471",2,36.1426350290072
"11472",2,29.8792198754769
"11473",2,30.6241735596375
"11474",2,57.2869712590814
"11475",2,27.9105267089469
"11476",2,21.8727402912102
"11477",2,57.103887549256
"11478",2,63.0866147412734
"11479",2,59.1137644456172
"11480",2,33.5458072407425
"11481",2,56.9463214762218
"11482",2,36.0710757124462
"11483",2,43.7213071660349
"11484",2,27.5953158322617
"11485",2,50.1242894641713
"11486",2,23.8131765198007
"11487",2,26.4988875272476
"11488",2,24.2006431250162
"11489",2,58.2671156005606
"11490",2,21.3293267955756
"11491",2,46.2625762609743
"11492",2,52.8293509148924
"11493",2,61.4101578613267
"11494",2,71.3683313787531
"11495",2,24.3770161853056
"11496",2,54.4218289029894
"11497",2,24.3404546431814
"11498",2,38.8821788079984
"11499",2,53.2429692125847
"11500",2,32.8747474642213
"11501",2,41.1937305054779
"11502",2,68.2101528383634
"11503",2,41.6918696931401
"11504",2,31.0656305191032
"11505",2,47.5265806857592
"11506",2,30.1507015030195
"11507",2,37.4901995872351
"11508",2,51.3685409194454
"11509",2,29.8977904846488
"11510",2,60.9329112751011
"11511",2,55.039724570974
"11512",2,38.010455408617
"11513",2,49.9597760779608
"11514",2,59.3997824039556
"11515",2,24.502176558359
"11516",2,48.194852772602
"11517",2,24.6688930250784
"11518",2,34.3005704105086
"11519",2,62.4092091879029
"11520",2,49.226449361998
"11521",2,67.5482411734321
"11522",2,48.0303222478433
"11523",2,53.1424671098981
"11524",2,15.8031816555393
"11525",2,24.52824864118
"11526",2,43.2376457032259
"11527",2,17.7716472422991
"11528",2,35.3669624876505
"11529",2,32.1457869964159
"11530",2,45.7578393138923
"11531",2,39.9231008925162
"11532",2,53.072594244705
"11533",2,31.7554564051948
"11534",2,40.7079568889599
"11535",2,25.7417162166728
"11536",2,48.3511789104379
"11537",2,26.1570267604808
"11538",2,49.6839048050146
"11539",2,85.8162547860315
"11540",2,39.0543100062082
"11541",2,47.499278654536
"11542",2,57.163733275571
"11543",2,46.2795403285617
"11544",2,58.9333561779723
"11545",2,28.6614432300611
"11546",2,20.7238841483658
"11547",2,47.0550446518624
"11548",2,37.8505144117196
"11549",2,34.2240935167104
"11550",2,41.9176181940242
"11551",2,27.5211200013489
"11552",2,26.8540959802489
"11553",2,55.5309477803304
"11554",2,56.2266104458737
"11555",2,36.9872134883495
"11556",2,58.476928813779
"11557",2,49.1830060878183
"11558",2,42.9117831731983
"11559",2,21.2483910110761
"11560",2,56.2214207229807
"11561",2,65.0894338555385
"11562",2,42.2132824376096
"11563",2,38.3273439710994
"11564",2,41.3442315503358
"11565",2,40.8371918098637
"11566",2,24.4640379355135
"11567",2,30.2963417463982
"11568",2,57.5394266224061
"11569",2,38.500679318642
"11570",2,35.8737007066419
"11571",2,48.8233968366759
"11572",2,58.0011584392542
"11573",2,30.0290911019807
"11574",2,40.3755741301724
"11575",2,32.4190553267359
"11576",2,43.1950611464718
"11577",2,62.5328484690847
"11578",2,57.7767623610092
"11579",2,42.9678630818264
"11580",2,38.0621484216526
"11581",2,32.8871021128937
"11582",2,19.7184694230338
"11583",2,27.8368166527079
"11584",2,42.1148231201844
"11585",2,24.0205431197751
"11586",2,45.7252258511064
"11587",2,46.2245172413535
"11588",2,30.3678681873375
"11589",2,42.7276734226036
"11590",2,48.0507795502363
"11591",2,26.7084873229909
"11592",2,19.8980389054443
"11593",2,49.0293722289669
"11594",2,57.3065127968136
"11595",2,72.3370688894786
"11596",2,45.702638585755
"11597",2,23.3174923004933
"11598",2,27.2600538518379
"11599",2,33.9292837306858
"11600",2,51.0611857765291
"11601",2,43.8421561010853
"11602",2,37.2537238322585
"11603",2,28.8608375607511
"11604",2,49.671616911412
"11605",2,52.0919051379902
"11606",2,53.615855913625
"11607",2,24.8742287247325
"11608",2,52.1017048568115
"11609",2,25.6049858177583
"11610",2,45.2229672890188
"11611",2,56.7938864908225
"11612",2,31.7986296803756
"11613",2,52.3214290974703
"11614",2,34.5877527821365
"11615",2,43.7322792397103
"11846",2,48.2693513711844
"11847",2,45.2447294595622
"11848",2,49.1838877711123
"11849",2,46.694974335381
"11850",2,46.645591313153
"11851",2,49.9521512511153
"11852",2,35.9436721338812
"11853",2,61.3154994889667
"11854",2,29.2397828574891
"11855",2,46.6635772153118
"11856",2,19.3520108074472
"11857",2,40.5420315564517
"11858",2,38.9966085241817
"11859",2,33.3614914168252
"11860",2,22.9177031463866
"11861",2,19.8659528252781
"11862",2,37.7835728951749
"11863",2,21.0741112840724
"11864",2,38.1739528930212
"11865",2,28.1001852464182
"11866",2,54.1728472777326
"11867",2,50.2452753026524
"11868",2,32.8230284393809
"11869",2,53.1542225176632
"11870",2,72.5177170969637
"11871",2,49.6735597350221
"11872",2,45.7351318309653
"11873",2,31.8306550927455
"11874",2,29.7168857190912
"11875",2,38.2614641909367
"11876",2,50.2146486625457
"11877",2,29.0284373751848
"11878",2,30.0259778026916
"11879",2,33.5248658876873
"11880",2,31.4495858406951
"11881",2,37.8671500180726
"11882",2,26.4866635714482
"11883",2,23.4376790461105
"11884",2,61.567470009001
"11885",2,47.6064798584389
"11886",2,44.2295137884997
"11887",2,22.4927584346632
"11888",2,14.0701593932417
"11889",2,53.187782482965
"11890",2,49.1104370629617
"11891",2,47.0788836586233
"11892",2,49.6761889041262
"11893",2,52.2028630845696
"11894",2,40.2215168525765
"11895",2,22.7719628051879
"11896",2,37.6882490078414
"11897",2,64.092092059252
"11898",2,32.5986449461206
"11899",2,27.4537486521632
"11900",2,20.2814969487544
"11901",2,43.8644008833669
"11902",2,49.5559658413532
"11903",2,52.2443779281989
"11904",2,47.8121230864031
"11905",2,54.0333944533001
"11906",2,59.1921362447719
"11907",2,33.9365315466219
"11908",2,30.28735347297
"11909",2,50.5690359226423
"11910",2,68.0531110911109
"11911",2,40.8000629138017
"11912",2,52.2591213306095
"11913",2,53.8086364618058
"11914",2,33.9575171225372
"11915",2,41.4549811217405
"11916",2,45.4573584045055
"11917",2,49.2860348087945
"11918",2,34.2717055254851
"11919",2,26.0771974482268
"11920",2,48.8502298402132
"11921",2,23.4644207229501
"11922",2,33.842528671279
"11923",2,54.1579002674008
"11924",2,33.7218738729511
"11925",2,42.1689153364683
"11926",2,29.6837626163519
"11927",2,43.3561339176662
"11928",2,49.7984797893803
"11929",2,56.3358580821651
"11930",2,47.6289887833293
"11931",2,38.0114039901721
"11932",2,29.4347997021114
"11933",2,36.2062009155841
"11934",2,49.5805860168835
"11935",2,66.7327181797452
"11936",2,42.9868378865317
"11937",2,33.298101731107
"11938",2,26.7367205762998
"11939",2,35.4266094078885
"11940",2,63.8313238485349
"11941",2,23.878125666338
"11942",2,28.1433567905524
"11943",2,43.7290945963394
"11944",2,12.3606314932384
"11945",2,60.3906489476321
"11946",2,36.2966364347557
"11947",2,36.6400519491906
"11948",2,47.3225169889813
"11949",2,87.7732715607484
"11950",2,28.1985785523009
"11951",2,31.6422384550161
"11952",2,47.2397318426226
"11953",2,22.8736510918942
"11954",2,39.0573407733604
"11955",2,42.5211978185785
"11956",2,42.8360205937303
"11957",2,40.2590449067317
"11958",2,49.2951723576065
"11959",2,34.9425069122649
"11960",2,42.6559085840414
"11961",2,53.0646963950374
"11962",2,47.5819027395218
"11963",2,42.3881703839531
"11964",2,40.8637237253461
"11965",2,80.2910552163225
"11966",2,36.308212412925
"11967",2,36.575924638016
"11968",2,42.7230795719273
"11969",2,53.5023282047836
"11970",2,39.4556928566097
"11971",2,40.0805022351399
"11972",2,30.5857045071229
"11973",2,60.5175180736559
"11974",2,34.6130004564818
"11975",2,43.735606592019
"11976",2,57.2173866554609
"11977",2,22.2564376895342
"11978",2,59.8560120581172
"11979",2,47.1928882295557
"11980",2,36.4228055515489
"11981",2,48.3860205023405
"11982",2,32.6723906769319
"11983",2,39.4432487917455
"11984",2,30.0785313050518
"11985",2,46.0809747411964
"11986",2,36.2872193669981
"11987",2,36.6953461188316
"11988",2,60.7119351829378
"11989",2,62.0393245864759
"11990",2,31.3316064728527
"11991",2,51.7527167234344
"11992",2,46.2107006117896
"11993",2,49.9025663137164
"11994",2,48.2339741524609
"11995",2,32.4679693054032
"11996",2,39.5906221637713
"11997",2,31.793169205327
"11998",2,35.788801831856
"11999",2,33.4895695032573
"12000",2,37.6692300669582
"12001",2,50.8253712271175
"12002",2,26.3825998397024
"12003",2,45.3637735819416
"12004",2,42.4108363485996
"12005",2,53.3322529251493
"12006",2,23.0362193523365
"12007",2,47.00032102876
"12008",2,43.9255399595311
"12009",2,33.6582534143805
"12010",2,41.1757321368336
"12011",2,34.9837034591968
"12012",2,65.4869459179667
"12013",2,43.6037430961385
"12014",2,37.9289137753136
"12015",2,38.7832790926507
"12016",2,32.3644562899133
"12017",2,43.1224949076439
"12018",2,28.5175076978592
"12019",2,42.060482311555
"12020",2,20.4881951289388
"12021",2,35.9624885772186
"12022",2,55.6589611613907
"12023",2,34.5827109263017
"12024",2,48.8372397769887
"12025",2,73.0827300800809
"12026",2,54.3789472651121
"12027",2,48.371535600444
"12028",2,50.5037302650051
"12029",2,24.724405120676
"12030",2,29.0135583406872
"12031",2,72.5492622779065
"12032",2,33.2277895841889
"12033",2,56.2645793041141
"12034",2,46.1445856751519
"12035",2,25.3441429179477
"12036",2,49.7811796351606
"12037",2,33.2933418894542
"12038",2,34.1474982534093
"12039",2,32.9069058289553
"12040",2,54.16757543038
"12041",2,50.2070343379994
"12042",2,46.5773368732333
"12043",2,49.3484827719117
"12044",2,20.4519207863243
"12045",2,39.0208356828586
"12046",2,32.6288598992329
"12047",2,30.6204385388033
"12048",2,29.9833937303198
"12049",2,34.7712627537917
"12050",2,30.1008769969942
"12051",2,27.7164660059022
"12052",2,23.5438183955555
"12053",2,69.3632087243793
"12054",2,45.9511403254514
"12055",2,40.8845702722454
"12056",2,60.4470219755512
"12057",2,27.9969500224631
"12058",2,39.9732307504767
"12059",2,53.8643493622142
"12060",2,34.1429238472065
"12061",2,25.4184420968109
"12062",2,32.6287541113744
"12063",2,30.8969949169567
"12064",2,45.7485978356901
"12065",2,52.1757662951931
"12066",2,39.8199705444407
"12067",2,35.0142168121753
"12068",2,17.5488763795611
"12069",2,36.5717246326895
"12070",2,48.9578082251173
"12071",2,28.603483793871
"12072",2,42.9847338441959
"12073",2,42.4678260961807
"12074",2,26.1833872546845
"12075",2,62.1157560268199
"12076",2,46.8324815017909
"12077",2,51.392961596099
"12078",2,33.6796783573589
"12079",2,62.3507552461144
"12080",2,32.6396868223498
"12081",2,42.1281671082303
"12082",2,25.3666267490012
"12083",2,30.3848841918839
"12084",2,37.9480133151001
"12085",2,49.7747232963698
"12086",2,33.6410490875211
"12087",2,32.0192586699009
"12088",2,39.3045013021718
"12089",2,21.1276536967601
"12090",2,27.4720327642627
"12091",2,22.9131790258981
"12092",2,55.9999347307837
"12093",2,37.9671815446883
"12094",2,40.2446472188044
"12095",2,38.0922239176633
"12096",2,24.5504629318249
"12097",2,30.4516615848508
"12098",2,49.7340086782329
"12099",2,41.852721576321
"12100",2,51.6690515967872
"12101",2,44.0234672743752
"12102",2,38.1919331371338
"12103",2,34.1047786530524
"12104",2,69.2236074737027
"12105",2,35.6482570864323
"12106",2,36.5589008686663
"12107",2,44.0004482913448
"12108",2,42.3842843940253
"12109",2,24.1234368962829
"12110",2,37.1108229585772
"12111",2,47.4973099592604
"12112",2,25.8935316636536
"12113",2,57.0157973668274
"12114",2,27.6473154284151
"12115",2,20.3648991062448
"12116",2,25.0249958669587
"12117",2,57.386523919381
"12118",2,54.1055267619135
"12119",2,73.2671220280792
"12120",2,38.0782888770597
"12121",2,34.1014222113108
"12122",2,54.1438915764569
"12123",2,53.619777459605
"12124",2,21.3575274229016
"12125",2,37.4846641257446
"12126",2,38.041437027638
"12127",2,21.6361435927233
"12128",2,36.2983034305916
"12129",2,29.0809979175301
"12130",2,42.6589309514978
"12131",2,51.2261514656821
"12132",2,31.0525234078966
"12133",2,42.7279502882923
"12134",2,35.9993737561602
"12135",2,36.2325600589554
"12136",2,65.5539399946481
"12137",2,34.0663262974053
"12138",2,42.2049241739422
"12139",2,34.1716755794102
"12140",2,44.2959897751865
"12141",2,80.304274965477
"12142",2,29.5698696886606
"12143",2,27.9716148358054
"12144",2,35.285565990674
"12145",2,29.7309910696064
"12146",2,36.6132561241519
"12147",2,23.7436094668089
"12148",2,40.4898453874781
"12149",2,19.8540626584907
"12150",2,30.036573302176
"12151",2,36.5716167087477
"12152",2,26.6800045184364
"12153",2,43.4329380574628
"12154",2,27.5523684267115
"12155",2,38.3524646877343
"12156",2,43.1558579176426
"12157",2,29.7985310465495
"12158",2,30.1102894808922
"12159",2,53.9938736064385
"12160",2,33.163471283113
"12161",2,54.7537462129676
"12162",2,28.4001127783224
"12163",2,24.5095780583952
"12164",2,48.073919993063
"12165",2,40.3035753329822
"12166",2,40.60341535714
"12167",2,25.2609539409454
"12168",2,60.4795889428168
"12169",2,39.8582785568934
"12170",2,40.0053393808027
"12171",2,30.0486606270224
"12172",2,15.9470360238467
"12173",2,30.4041233627113
"12174",2,33.1744166135026
"12175",2,44.2322061512708
"12176",2,32.9071639494488
"12177",2,57.0571674186834
"12178",2,38.7227562015963
"12179",2,44.854776042927
"12180",2,46.5603964727236
"12181",2,43.1445196461441
"12182",2,42.5081604503924
"12183",2,54.990607495772
"12184",2,43.4838222711977
"12185",2,33.8617485020696
"12186",2,77.6514815849554
"12187",2,54.4276030169938
"12188",2,36.8592181961339
"12189",2,45.1623232963517
"12190",2,58.3113131071638
"12536",2,79.5028828359637
"12537",2,59.1229443441462
"12538",2,33.1647054151145
"12539",2,28.8602873040479
"12540",2,62.2409437226005
"12541",2,42.5566799563738
"12542",2,32.9854292690989
"12543",2,22.0495677495339
"12544",2,33.9056240563773
"12545",2,27.535769229925
"12546",2,22.6372759379339
"12547",2,48.6213086421068
"12548",2,49.9782162439208
"12549",2,46.6767229127896
"12550",2,42.6580911376382
"12551",2,29.3792796322058
"12552",2,44.9852967534545
"12553",2,50.3577975162577
"12554",2,42.1556258136843
"12555",2,74.3415064688263
"12556",2,31.4369651776735
"12557",2,48.5620280106945
"12558",2,21.4791114773173
"12559",2,86.3893320059026
"12560",2,30.1444402056315
"12561",2,25.5605165373838
"12562",2,28.8308363914024
"12563",2,42.8115622787713
"12564",2,27.8984329050506
"12565",2,33.160718433448
"12566",2,42.7300664322626
"12567",2,36.53174303338
"12568",2,40.3199646404271
"12569",2,28.9244618754653
"12570",2,33.1830762789512
"12571",2,33.6748219739031
"12572",2,64.863774760679
"12573",2,35.3176125130507
"12574",2,31.8818681788479
"12575",2,49.0844096794188
"12576",2,51.4024070651867
"12577",2,40.0071693976541
"12578",2,53.297924536079
"12579",2,31.1719737757393
"12580",2,59.8493939079174
"12581",2,30.0691124039177
"12582",2,50.3334872409566
"12583",2,31.2141210967421
"12584",2,59.1195687313878
"12585",2,39.3069993064694
"12586",2,27.7243951337564
"12587",2,34.2197889991327
"12588",2,43.2323821325485
"12589",2,39.8972884956551
"12590",2,22.028902688027
"12591",2,58.982385607091
"12592",2,38.3046326512469
"12593",2,21.4879630257228
"12594",2,48.3670783627672
"12595",2,33.7784988533717
"12596",2,48.9014522174234
"12597",2,48.5147403518615
"12598",2,21.744757969219
"12599",2,47.7894384132193
"12600",2,33.1070161473131
"12601",2,34.7029161961066
"12602",2,39.7372213199313
"12603",2,42.7092487916791
"12604",2,38.1322150026547
"12605",2,49.8382904790731
"12606",2,24.6550267214561
"12607",2,32.98698880141
"12608",2,43.0617265908369
"12609",2,40.1903776798456
"12610",2,61.3884791223744
"12611",2,39.9271964958858
"12612",2,56.8816153515973
"12613",2,22.0805770274147
"12614",2,38.8812449760688
"12615",2,40.5055633214873
"12616",2,27.6550762114191
"12617",2,63.8269254177966
"12618",2,32.2377914730684
"12619",2,46.5413627655922
"12620",2,54.0848658081035
"12621",2,69.4534129056126
"12622",2,46.3372632082718
"12623",2,34.4404062426276
"12624",2,15.8401745522073
"12625",2,40.5046477052646
"12626",2,34.9910089681014
"12627",2,51.6908909160523
"12628",2,62.5892066498044
"12629",2,22.4747020992143
"12630",2,41.3892361834452
"12631",2,28.4600942867764
"12632",2,55.5933681056888
"12633",2,39.6338036046313
"12634",2,46.1919268570716
"12635",2,35.4072144726924
"12636",2,61.2356951774281
"12637",2,24.5003991298905
"12638",2,55.7398768619746
"12639",2,73.5849061854959
"12640",2,50.3680078600147
"12641",2,37.3005275464967
"12642",2,34.9203343057986
"12643",2,37.5094797013778
"12644",2,40.5924298153429
"12645",2,44.6170782848534
"12646",2,63.8635837378883
"12647",2,45.0600788724516
"12648",2,43.4928625542637
"12649",2,45.4492214887676
"12650",2,57.9888771839058
"12766",2,47.7485091600154
"12767",2,44.6488632382386
"12768",2,39.1627628810789
"12769",2,31.3396923097015
"12770",2,28.8072683913344
"12771",2,28.5847149800611
"12772",2,16.8987792813844
"12773",2,70.1983366434101
"12774",2,54.9489050095914
"12775",2,28.6713865767245
"12776",2,37.9716250490909
"12777",2,35.8733358784678
"12778",2,36.3244445705549
"12779",2,36.723939340461
"12780",2,49.1078606915099
"12781",2,37.5387755022479
"12782",2,43.2488086257878
"12783",2,49.9086492840025
"12784",2,45.8878408969736
"12785",2,38.0653518141725
"12786",2,45.0169923999341
"12787",2,16.6459711869469
"12788",2,33.4707451792865
"12789",2,62.1880361608764
"12790",2,43.6763392234991
"12791",2,61.4006617500095
"12792",2,35.546363031884
"12793",2,28.0664379868143
"12794",2,28.7954672680845
"12795",2,40.2032903168156
"12796",2,25.153096526386
"12797",2,57.1887608827404
"12798",2,43.1522081546998
"12799",2,35.438187243654
"12800",2,58.1441651662835
"12801",2,42.7383404533984
"12802",2,35.8861095461191
"12803",2,21.6156152428186
"12804",2,24.558692966869
"12805",2,33.3216237576389
"12806",2,34.2249089336357
"12807",2,42.7109820879021
"12808",2,25.662342095314
"12809",2,22.0011339479634
"12810",2,31.2248828490609
"12811",2,61.0118547313457
"12812",2,31.3268316087869
"12813",2,41.9541741616634
"12814",2,38.3714949689881
"12815",2,31.4405874449794
"12816",2,28.0314290252015
"12817",2,31.3756049502331
"12818",2,26.776255293114
"12819",2,51.7201504244604
"12820",2,39.3362172993134
"12821",2,41.456505851134
"12822",2,38.607344238739
"12823",2,36.642891896668
"12824",2,42.0745939606207
"12825",2,40.619345796266
"12826",2,34.5128974070219
"12827",2,57.2481886460689
"12828",2,54.2869037794501
"12829",2,35.7849205514746
"12830",2,39.8392922289501
"12831",2,39.1449278779659
"12832",2,45.8281893833688
"12833",2,54.728645790038
"12834",2,27.2065372582733
"12835",2,35.7911853864818
"12836",2,23.8811170671465
"12837",2,33.809439592863
"12838",2,43.4961988826435
"12839",2,36.6279841844389
"12840",2,28.6867496949819
"12841",2,39.4650293219466
"12842",2,33.3816056205813
"12843",2,37.9670955245405
"12844",2,34.9785932573305
"12845",2,31.7679436075865
"12846",2,57.5690392346588
"12847",2,18.814182978344
"12848",2,39.2498243475129
"12849",2,44.3466387991007
"12850",2,34.342930231843
"12851",2,37.8445827459119
"12852",2,39.9964139961977
"12853",2,40.7124993995057
"12854",2,39.3526393840679
"12855",2,23.803029009189
"12856",2,68.0825152682773
"12857",2,41.648765302827
"12858",2,35.2696889601304
"12859",2,28.1900080397207
"12860",2,52.8542240368748
"12861",2,42.0842082603531
"12862",2,46.2185752034828
"12863",2,43.4369744610517
"12864",2,54.2467982287811
"12865",2,45.9287329257357
"12866",2,39.2564314473697
"12867",2,38.8603480326089
"12868",2,50.4672491844207
"12869",2,42.2166874265965
"12870",2,34.2694740156083
"12871",2,49.2104254738683
"12872",2,35.108229899225
"12873",2,24.6127281556058
"12874",2,76.2791048015706
"12875",2,36.9550355307982
"12876",2,35.3772266305407
"12877",2,69.376848428511
"12878",2,63.7998618794028
"12879",2,20.3831938569311
"12880",2,36.4913973719731
"12881",2,16.9927943301425
"12882",2,32.6687870831385
"12883",2,37.1669234368105
"12884",2,36.9450787477376
"12885",2,25.3303839293254
"12886",2,34.1848349914153
"12887",2,37.3281874047399
"12888",2,28.6308113928652
"12889",2,36.2939998093062
"12890",2,26.6048709576867
"12891",2,14.1390033346016
"12892",2,37.877862119184
"12893",2,37.5349007614245
"12894",2,22.8836592368975
"12895",2,46.6437533503749
"12896",2,53.9504900364708
"12897",2,42.4772965359063
"12898",2,44.1050110377629
"12899",2,38.068024042131
"12900",2,35.995162527972
"12901",2,45.744678568883
"12902",2,32.7896134980293
"12903",2,51.1455000141125
"12904",2,35.6595911484967
"12905",2,48.7009455979098
"12906",2,73.6954575353439
"12907",2,39.6114249769101
"12908",2,31.6494537758689
"12909",2,53.453350815426
"12910",2,33.4008116780063
"12911",2,48.4236395151631
"12912",2,33.12342930906
"12913",2,39.7398652001842
"12914",2,42.0320716997143
"12915",2,34.8957362902082
"12916",2,66.7992125056288
"12917",2,35.761092214626
"12918",2,39.5297067722048
"12919",2,48.9821312472776
"12920",2,49.4278503190186
"12921",2,41.2988270004168
"12922",2,37.792427508469
"12923",2,54.189953067231
"12924",2,44.2253071291723
"12925",2,53.9259596195947
"12926",2,33.9613279781487
"12927",2,73.8947419676728
"12928",2,64.9315820582971
"12929",2,28.9727556527754
"12930",2,35.7377546359886
"12931",2,31.0435646469841
"12932",2,58.5725000383989
"12933",2,43.6679918331575
"12934",2,41.9833074467245
"12935",2,30.5538213510734
"12936",2,67.2783946355324
"12937",2,56.7175676459885
"12938",2,45.2028238136761
"12939",2,65.996920933111
"12940",2,41.6958964194581
"12941",2,34.7366902945117
"12942",2,15.7715289658872
"12943",2,28.9228725891025
"12944",2,21.3420082056333
"12945",2,16.9718076615548
"12946",2,15.188061509078
"12947",2,32.7544861299928
"12948",2,44.2165126507639
"12949",2,29.3373377641913
"12950",2,42.459937830765
"12951",2,27.0665783617185
"12952",2,58.4266213195446
"12953",2,25.7551300188386
"12954",2,55.4907072200612
"12955",2,36.7938313321325
"12956",2,25.3272486260102
"12957",2,46.3294663084451
"12958",2,60.9928598075296
"12959",2,36.7670598416406
"12960",2,47.4647315513824
"12961",2,39.5581115868081
"12962",2,42.5201823100293
"12963",2,35.8628978917614
"12964",2,33.7665012229415
"12965",2,29.5155348358789
"12966",2,40.2717161711366
"12967",2,29.0659596629033
"12968",2,45.956038379826
"12969",2,38.6170014090797
"12970",2,18.1558195191429
"12971",2,12.9456548420325
"12972",2,20.9881055010553
"12973",2,26.1244386782449
"12974",2,32.8663214440758
"12975",2,44.6516931392459
"12976",2,25.3872615956257
"12977",2,18.9654194505467
"12978",2,43.5428796747894
"12979",2,42.0694856132341
"12980",2,30.5641215949599
"12981",2,42.5620173007321
"12982",2,35.2934305851837
"12983",2,64.5586702383771
"12984",2,37.229065518626
"12985",2,27.0526181643484
"12986",2,51.5284215309366
"12987",2,52.0286231884163
"12988",2,52.0585546325135
"12989",2,50.4932650138696
"12990",2,24.5659737638876
"12991",2,44.3177062377236
"12992",2,26.1906643647957
"12993",2,39.5519296510615
"12994",2,39.7835734741282
"12995",2,39.434629863953
"13111",2,40.0362074039697
"13112",2,46.2553082745494
"13113",2,38.8225096143302
"13114",2,25.6498662348449
"13115",2,64.8981636458754
"13116",2,31.7906075383944
"13117",2,28.7626497187891
"13118",2,19.6539574483989
"13119",2,24.0193637557498
"13120",2,26.6505103725355
"13121",2,37.8363879226449
"13122",2,61.6121098984293
"13123",2,37.3200812074334
"13124",2,43.9645593059085
"13125",2,38.7855036442133
"13126",2,68.7714844052838
"13127",2,41.5562774342002
"13128",2,46.9801984437554
"13129",2,41.4256134290773
"13130",2,27.9406309860617
"13131",2,41.0325021095628
"13132",2,34.2461977310058
"13133",2,59.8835783983955
"13134",2,30.7277250331644
"13135",2,40.9326111347523
"13136",2,49.1076228617744
"13137",2,43.8271019616722
"13138",2,33.2305793987454
"13139",2,34.9349770111117
"13140",2,56.650212270305
"13141",2,33.8796940456602
"13142",2,45.8378844684011
"13143",2,53.6960484135791
"13144",2,44.1957798567373
"13145",2,22.4450862356368
"13146",2,51.1404858625528
"13147",2,64.6421361045804
"13148",2,44.4996132653665
"13149",2,42.8234438036023
"13150",2,46.974837533192
"13151",2,26.2242333218276
"13152",2,37.3533366966797
"13153",2,33.7728247368611
"13154",2,69.0638936054007
"13155",2,60.763640877748
"13156",2,51.6351062871236
"13157",2,33.6316943088978
"13158",2,47.0516719121436
"13159",2,22.5387273257363
"13160",2,53.4580933738121
"13161",2,47.3947242147868
"13162",2,46.3206894703556
"13163",2,37.6068385437451
"13164",2,53.4981117686861
"13165",2,65.6229859809394
"13166",2,22.2207054764393
"13167",2,42.9680758796391
"13168",2,47.4856745305954
"13169",2,27.2590014929909
"13170",2,54.0009151983341
"13171",2,64.2788876994957
"13172",2,62.3739349809757
"13173",2,44.7824033511553
"13174",2,66.3537407068051
"13175",2,44.9897629073324
"13176",2,36.3062214629403
"13177",2,36.7360629153026
"13178",2,49.9645491683001
"13179",2,54.9698248226115
"13180",2,27.6770557929401
"13181",2,45.3957800219066
"13182",2,33.7717744644027
"13183",2,43.4910001144542
"13184",2,28.9751863471886
"13185",2,30.5973888332342
"13186",2,40.20859938986
"13187",2,23.7483578189867
"13188",2,31.9806150062974
"13189",2,11.6053099889609
"13190",2,38.3117348072536
"13191",2,68.9695595751679
"13192",2,28.0124241001704
"13193",2,41.3577973463029
"13194",2,30.1979135380216
"13195",2,46.0115393075228
"13196",2,45.4939722655861
"13197",2,44.79842670543
"13198",2,42.3746066279584
"13199",2,52.9458914135096
"13200",2,22.9620911807033
"13201",2,36.3544751313406
"13202",2,38.3777612157414
"13203",2,23.8714099309638
"13204",2,42.8212098990181
"13205",2,45.9037754869803
"13206",2,35.9052672883183
"13207",2,34.4324157872907
"13208",2,66.2188362022269
"13209",2,54.3158076923836
"13210",2,21.7654167559197
"13211",2,35.6977216607141
"13212",2,36.2353777491627
"13213",2,42.4969023357925
"13214",2,39.4353103386323
"13215",2,43.8566950840103
"13216",2,39.0933309849585
"13217",2,52.4341316383326
"13218",2,55.7587412191108
"13219",2,17.8269880597887
"13220",2,64.0890455417585
"13221",2,30.4234782613172
"13222",2,17.8299238768718
"13223",2,58.8245329059372
"13224",2,38.187944909526
"13225",2,60.5024661425693
"13341",2,46.2062085170038
"13342",2,29.8891136485272
"13343",2,31.3742542803613
"13344",2,47.4626788565084
"13345",2,35.8967545856346
"13346",2,35.8036013496959
"13347",2,48.5951214053018
"13348",2,40.3106694368202
"13349",2,48.2652835865718
"13350",2,24.1145723942506
"13351",2,43.4938415079893
"13352",2,44.422875965126
"13353",2,48.1250146354752
"13354",2,36.0343702373801
"13355",2,70.3914297199302
"13356",2,62.3175987177683
"13357",2,35.1872335393728
"13358",2,32.0972274755088
"13359",2,56.1961124221482
"13360",2,34.2918521080459
"13361",2,43.3027393156673
"13362",2,32.7707160442336
"13363",2,36.761287918038
"13364",2,35.5374778215957
"13365",2,55.5152228820162
"13366",2,22.7800395952274
"13367",2,25.882398659228
"13368",2,44.1481121085101
"13369",2,52.6558174678504
"13370",2,39.7049861270252
"13371",2,43.371768732226
"13372",2,66.3414322484485
"13373",2,43.1515224779968
"13374",2,60.052624032856
"13375",2,29.4294050482913
"13376",2,48.4650126923396
"13377",2,27.0851470238164
"13378",2,42.6086866997662
"13379",2,36.3145728244861
"13380",2,35.1519609181761
"13381",2,54.1299078453933
"13382",2,39.3788034774523
"13383",2,31.979351385261
"13384",2,71.7514961549904
"13385",2,73.8549241546311
"13386",2,28.7130654708016
"13387",2,54.0054938844834
"13388",2,50.2776306190705
"13389",2,44.2183135610492
"13390",2,45.0244920484467
"13391",2,56.7688699182917
"13392",2,62.6836553499546
"13393",2,24.2116264888972
"13394",2,37.8489395447411
"13395",2,38.9641473936468
"13396",2,69.2383337099281
"13397",2,49.3044216511658
"13398",2,28.4996714680534
"13399",2,47.8676100173911
"13400",2,21.3907373389399
"13401",2,47.4018059649246
"13402",2,47.2695437634072
"13403",2,68.1476175686154
"13404",2,39.422888832818
"13405",2,48.3235657412081
"13406",2,43.1736878361811
"13407",2,31.6083162814446
"13408",2,33.2193814770823
"13409",2,26.9273068831929
"13410",2,47.5141413172875
"13411",2,42.9317955325511
"13412",2,30.5145386403565
"13413",2,27.1678085052014
"13414",2,29.608844878294
"13415",2,34.4249559802615
"13416",2,16.8707254120144
"13417",2,39.903842309708
"13418",2,52.4423040852837
"13419",2,39.9864508453016
"13420",2,55.9749917434363
"13421",2,35.4729415937913
"13422",2,41.4673680957611
"13423",2,32.0447637452008
"13424",2,21.5961777233365
"13425",2,43.8013158996917
"13426",2,46.6048020550757
"13427",2,44.5546948695885
"13428",2,24.7481280423732
"13429",2,32.2343954795447
"13430",2,27.7237364968703
"13431",2,30.5814628975253
"13432",2,36.7229568254227
"13433",2,31.4534258053589
"13434",2,50.2106546591633
"13435",2,35.6650317694279
"13436",2,31.163152505846
"13437",2,31.2274928891501
"13438",2,50.5321595401674
"13439",2,30.9220957252625
"13440",2,40.991968308969
"13441",2,43.2566177816901
"13442",2,28.2779097252697
"13443",2,59.0282237821973
"13444",2,34.100103707146
"13445",2,47.689176940773
"13446",2,20.7150437264001
"13447",2,30.1723293321564
"13448",2,61.3221210280713
"13449",2,29.3975810696211
"13450",2,61.365204034318
"13451",2,42.1041483397034
"13452",2,33.7603820460664
"13453",2,39.3642460773387
"13454",2,27.2431621432162
"13455",2,33.5443048657919
"13571",2,35.9789756458473
"13572",2,24.3690944934083
"13573",2,29.4257222915039
"13574",2,83.0727929350594
"13575",2,25.4572569579152
"13576",2,43.4360975754604
"13577",2,20.672426706517
"13578",2,36.5646322826697
"13579",2,43.8284849602588
"13580",2,36.5513533533957
"13581",2,39.6666164537821
"13582",2,36.6334972398902
"13583",2,52.6433135347841
"13584",2,38.5897892369804
"13585",2,64.4291008542938
"13586",2,49.8913337462437
"13587",2,38.3155893535171
"13588",2,55.6182291507113
"13589",2,40.0416897422203
"13590",2,43.9231166866077
"13591",2,36.2687287713644
"13592",2,12.8507314711669
"13593",2,33.614413056281
"13594",2,23.626712637482
"13595",2,39.8198136984483
"13596",2,41.3011122573717
"13597",2,45.0437441643892
"13598",2,43.1194368485279
"13599",2,75.9895319257637
"13600",2,39.8569572228604
"13601",2,49.1915573128286
"13602",2,40.4393912667227
"13603",2,68.5290243892988
"13604",2,49.8214871653308
"13605",2,55.8558662531127
"13606",2,19.2945386360371
"13607",2,46.8024401133787
"13608",2,30.1989771975819
"13609",2,52.6762596008398
"13610",2,37.7124967054232
"13611",2,49.0465705880409
"13612",2,45.4694734508714
"13613",2,19.6449769087589
"13614",2,28.7753260600908
"13615",2,33.1994948654014
"13616",2,51.0543221375283
"13617",2,35.0301083841035
"13618",2,37.1639273365987
"13619",2,44.0026833100112
"13620",2,38.5110083441576
"13621",2,26.9491394051552
"13622",2,67.7412531317947
"13623",2,31.5207215392682
"13624",2,38.9101239209337
"13625",2,34.0754617944803
"13626",2,31.0782860321839
"13627",2,32.6972849476256
"13628",2,36.8890250547162
"13629",2,26.5687283242346
"13630",2,69.18400952006
"13631",2,36.2902510019419
"13632",2,24.4716930410531
"13633",2,54.0996492056196
"13634",2,37.9094530343651
"13635",2,32.1665129200075
"13636",2,32.673890754411
"13637",2,38.0443688487667
"13638",2,22.1854379522826
"13639",2,38.1263042686676
"13640",2,70.0756466336389
"13641",2,18.0458583717455
"13642",2,48.5481800250125
"13643",2,43.8446466265419
"13644",2,84.5916583607404
"13645",2,32.8514880307237
"13646",2,33.8489454459157
"13647",2,36.5691860364792
"13648",2,38.1540058597676
"13649",2,30.7529199125992
"13650",2,41.0864117688366
"13651",2,71.8088798611517
"13652",2,44.1707607010743
"13653",2,52.2639734361879
"13654",2,39.4583815871922
"13655",2,59.3803707744194
"13656",2,36.9355201657103
"13657",2,39.8773879888112
"13658",2,28.878790793764
"13659",2,37.9952313225097
"13660",2,34.2638321830837
"13661",2,41.5567198702023
"13662",2,48.1503079145345
"13663",2,53.8198304150958
"13664",2,42.3927320719976
"13665",2,68.9192424037302
"13666",2,41.268658435593
"13667",2,35.5120134554774
"13668",2,49.987224937478
"13669",2,32.8230127503355
"13670",2,41.8333392409718
"13671",2,36.4008601527667
"13672",2,26.5675620044341
"13673",2,44.9053243734793
"13674",2,33.6444592999387
"13675",2,34.8061127078327
"13676",2,33.4265661924438
"13677",2,42.0851547560498
"13678",2,19.701978322102
"13679",2,16.6881978508818
"13680",2,50.7166121090087
"13681",2,60.3720779031648
"13682",2,44.4269707458041
"13683",2,43.0093520222787
"13684",2,52.5248693472267
"13685",2,27.7711035490105
"13916",2,65.3446051796433
"13917",2,43.0822949534176
"13918",2,39.7084150125677
"13919",2,30.8186645335583
"13920",2,25.9061817329472
"13921",2,42.6591073010417
"13922",2,42.4339354590938
"13923",2,62.4074001413165
"13924",2,34.7708198041955
"13925",2,42.8883697550293
"13926",2,38.3021528392036
"13927",2,60.0138231993725
"13928",2,33.153644770103
"13929",2,44.9476498210006
"13930",2,60.2847453804579
"13931",2,50.4263061978757
"13932",2,50.4076717524855
"13933",2,34.9818036484579
"13934",2,46.1885355885938
"13935",2,27.37739933918
"13936",2,46.2770832861678
"13937",2,44.7795564039471
"13938",2,47.899845120467
"13939",2,52.6305667661574
"13940",2,52.026217606327
"13941",2,57.9393641619521
"13942",2,32.7578697463029
"13943",2,33.9466970287678
"13944",2,47.7485502837382
"13945",2,51.7213017161865
"13946",2,26.8676935498628
"13947",2,38.0079674449569
"13948",2,25.5955168627742
"13949",2,38.9249018027838
"13950",2,55.0819832632437
"13951",2,39.23256839242
"13952",2,27.1091931282471
"13953",2,22.5178698577082
"13954",2,71.7548556318227
"13955",2,19.276216012357
"13956",2,31.3872136676903
"13957",2,32.0509144511
"13958",2,36.4421313847032
"13959",2,39.9214885782131
"13960",2,34.019771917618
"13961",2,50.2684546459488
"13962",2,59.65367918162
"13963",2,31.034336251663
"13964",2,49.5073454498833
"13965",2,38.5158656508582
"13966",2,25.9183606626018
"13967",2,23.5343285110379
"13968",2,28.1689004991909
"13969",2,29.0528879151891
"13970",2,67.7098847458601
"13971",2,29.9845539930846
"13972",2,31.9426196704228
"13973",2,63.9223965022981
"13974",2,27.3024712547179
"13975",2,42.4041315863631
"13976",2,22.2958055836272
"13977",2,23.6932096917349
"13978",2,21.92690500721
"13979",2,41.3695604839377
"13980",2,34.8010582693143
"13981",2,41.0458302423193
"13982",2,41.5308364965114
"13983",2,48.7240124417888
"13984",2,33.4635030849233
"13985",2,73.9487165586755
"13986",2,61.95377621895
"13987",2,32.8477869632898
"13988",2,32.5469048040223
"13989",2,32.2231980898174
"13990",2,83.6782873855207
"13991",2,20.0443741928155
"13992",2,44.1227080526747
"13993",2,25.5458501353805
"13994",2,27.7767922323996
"13995",2,51.035162450906
"13996",2,53.6821997183122
"13997",2,35.3335275218086
"13998",2,43.5244895828517
"13999",2,35.2387084659793
"14000",2,29.1113275638534
"14001",2,43.2781287011158
"14002",2,27.8478233335966
"14003",2,43.17414131395
"14004",2,46.8981356744626
"14005",2,46.3583487370016
"14006",2,69.398695516006
"14007",2,33.0052757150175
"14008",2,42.2973860534864
"14009",2,31.9030830325845
"14010",2,45.2387654266621
"14011",2,40.0615865805569
"14012",2,35.5487029001282
"14013",2,70.3652808785552
"14014",2,25.5007866494262
"14015",2,29.734821377193
"14016",2,27.7352672204853
"14017",2,73.7876587355012
"14018",2,43.3404376179658
"14019",2,50.6756689505935
"14020",2,52.4527816885843
"14021",2,36.2099262117594
"14022",2,33.9042786452282
"14023",2,45.4698259058898
"14024",2,58.5484286863087
"14025",2,15.9095859602109
"14026",2,57.7233232257578
"14027",2,33.8218514294607
"14028",2,32.9043828439762
"14029",2,46.0236308414869
"14030",2,49.1520093225861
"14261",2,53.5625819391548
"14262",2,33.8343636535763
"14263",2,41.2772525773584
"14264",2,39.7523280915658
"14265",2,44.2735047287245
"14266",2,43.0327147377738
"14267",2,48.5292894032433
"14268",2,48.5205098275268
"14269",2,36.6692676454964
"14270",2,14.8762992750999
"14271",2,43.715420274317
"14272",2,51.561440640287
"14273",2,54.2056795129845
"14274",2,44.5680666381945
"14275",2,38.833293911807
"14276",2,40.1249297723735
"14277",2,32.975717865495
"14278",2,21.7756824355704
"14279",2,25.0996078082087
"14280",2,45.4100909667092
"14281",2,40.5992562063839
"14282",2,51.6093863016337
"14283",2,35.3389973971095
"14284",2,41.1179719615409
"14285",2,33.6054599702586
"14286",2,25.7129880656003
"14287",2,70.42176931195
"14288",2,34.5840723340773
"14289",2,43.9013590112539
"14290",2,44.3304487087343
"14291",2,58.487962220736
"14292",2,34.7780498181643
"14293",2,36.77794706032
"14294",2,35.3977597374953
"14295",2,53.0003632862601
"14296",2,32.3480541673038
"14297",2,29.5255432136576
"14298",2,35.0573466299101
"14299",2,47.0074712471103
"14300",2,41.0240962988897
"14301",2,54.6274429438469
"14302",2,40.3406960122005
"14303",2,29.0358731611163
"14304",2,55.6010953379696
"14305",2,52.6377052753824
"14306",2,26.22888160453
"14307",2,43.5803892699271
"14308",2,34.7210039904603
"14309",2,83.5042568450852
"14310",2,25.8232691009933
"14311",2,11.0889823286222
"14312",2,41.9861687673136
"14313",2,44.0527833087499
"14314",2,43.090868389756
"14315",2,26.1861691212682
"14316",2,32.024829387084
"14317",2,40.4761780308479
"14318",2,30.5668897677096
"14319",2,41.2484882535387
"14320",2,29.0474849546675
"14321",2,37.9871346433032
"14322",2,40.1052124510095
"14323",2,29.4292755927023
"14324",2,46.908854817127
"14325",2,27.4874577477239
"14326",2,60.7064849589484
"14327",2,80.4242831642167
"14328",2,64.1170666179048
"14329",2,62.7962522391898
"14330",2,28.7872802119069
"14331",2,37.1372930534949
"14332",2,18.6619076060901
"14333",2,49.7135836339702
"14334",2,26.9385218132722
"14335",2,39.5057285097353
"14336",2,40.569753551197
"14337",2,55.3928275363238
"14338",2,71.2640334548405
"14339",2,51.3163459049307
"14340",2,41.7947770330428
"14341",2,33.0145693800058
"14342",2,39.2737703838854
"14343",2,77.8735161821612
"14344",2,31.6140577848105
"14345",2,40.1987210052875
"14346",2,34.4299073262514
"14347",2,24.641487860634
"14348",2,84.6163845143596
"14349",2,25.6457936059521
"14350",2,54.5522129226622
"14351",2,41.790567882049
"14352",2,33.9071938637644
"14353",2,38.7055240653822
"14354",2,34.7229546612839
"14355",2,49.1980541256649
"14356",2,40.5786725192043
"14357",2,25.2899523813889
"14358",2,34.21874100109
"14359",2,37.3988311859738
"14360",2,46.4264679170209
"14361",2,48.4810602695835
"14362",2,61.2401302020188
"14363",2,38.4990106310571
"14364",2,30.1813693055163
"14365",2,46.3506937765012
"14366",2,32.4484647600859
"14367",2,73.8831070576653
"14368",2,18.0543857887614
"14369",2,34.3417877452545
"14370",2,28.268250477827
"14371",2,46.9348680611271
"14372",2,22.1866223063551
"14373",2,38.7760958544034
"14374",2,37.0553555341719
"14375",2,26.4223480233438
"14376",2,32.2518327164368
"14377",2,54.6506997196899
"14378",2,34.8004611186321
"14379",2,37.8134377385697
"14380",2,40.2132160553328
"14381",2,25.8165936559921
"14382",2,46.0001374132376
"14383",2,35.5515734989731
"14384",2,72.2652478092937
"14385",2,35.7238638291718
"14386",2,62.74954085906
"14387",2,50.1449960610331
"14388",2,39.2419478032519
"14389",2,29.444031108532
"14390",2,62.420831490317
"14391",2,29.3433325180809
"14392",2,58.1247891617959
"14393",2,39.8009292525719
"14394",2,24.2121627943254
"14395",2,38.0022935124001
"14396",2,85.1704741347354
"14397",2,80.2495543224472
"14398",2,53.8489834219866
"14399",2,37.105743027889
"14400",2,34.6091415687803
"14401",2,29.3863698488511
"14402",2,34.9295392145849
"14403",2,49.620922713124
"14404",2,42.2788516855387
"14405",2,21.0555081736535
"14406",2,69.6152890520332
"14407",2,34.1957627429978
"14408",2,57.5486925950551
"14409",2,43.0054395624615
"14410",2,32.4553040074242
"14411",2,35.7158259255089
"14412",2,67.2806058442178
"14413",2,41.1498979269389
"14414",2,55.7013664218925
"14415",2,50.6774383534186
"14416",2,27.4588632280747
"14417",2,32.7719260868902
"14418",2,36.7552981050889
"14419",2,27.2221455247642
"14420",2,30.3222427379437
"14421",2,66.8205233950521
"14422",2,44.5606428433587
"14423",2,43.0298424118691
"14424",2,61.9165886576523
"14425",2,57.745114564379
"14426",2,35.3205756014712
"14427",2,35.7906983169049
"14428",2,21.9243850426158
"14429",2,22.5340247088102
"14430",2,55.6415413041555
"14601",2,33.0169652108017
"14602",2,42.0475370464247
"14603",2,27.6596439286886
"14604",2,39.506753181212
"14605",2,42.2684270972249
"14606",2,45.6580989782944
"14607",2,50.2584835695724
"14608",2,35.1181519743908
"14609",2,41.7484005470321
"14610",2,46.3728704261608
"14611",2,37.9951860071053
"14612",2,34.8693577621162
"14613",2,39.2758883201834
"14614",2,29.4519455371687
"14615",2,42.1694602477945
"14616",2,55.1158787261458
"14617",2,39.6162005210073
"14618",2,40.0225286888081
"14619",2,30.1225792115152
"14620",2,38.9088736496854
"14621",2,31.4332546925708
"14622",2,43.8017810714476
"14623",2,56.5218814616386
"14624",2,35.9321746669411
"14625",2,33.2105352198008
"14626",2,36.8425127240282
"14627",2,56.5848276627622
"14628",2,38.6643815889032
"14629",2,17.1288902395896
"14630",2,33.9727997394456
"14631",2,48.3935175741466
"14632",2,45.7062734685459
"14633",2,31.8581392587462
"14634",2,19.497778929997
"14635",2,37.0884542346912
"14636",2,56.6270717311952
"14637",2,61.0729369936937
"14638",2,66.6628936466765
"14639",2,46.3589469171586
"14640",2,30.2151892426154
"14641",2,39.4352127079973
"14642",2,23.192983011965
"14643",2,30.9268319627922
"14644",2,18.2664422450755
"14645",2,19.9032588095852
"14646",2,53.5257499296804
"14647",2,22.6186285181319
"14648",2,33.399593909266
"14649",2,51.0695654640118
"14650",2,43.0659564630463
"14651",2,48.8545546026716
"14652",2,36.8916155967241
"14653",2,39.1475568378667
"14654",2,24.5964627950265
"14655",2,38.6633235872939
"14656",2,50.7598277844291
"14657",2,39.5761607882366
"14658",2,67.9974348040913
"14659",2,36.1212941863745
"14660",2,48.7405384382779
"14661",2,27.665430103628
"14662",2,29.3843361368452
"14663",2,22.414999141626
"14664",2,53.2784255734539
"14665",2,22.5832361825195
"14666",2,26.8911334077233
"14667",2,35.3397428911163
"14668",2,13.0054664198649
"14669",2,36.2535258374016
"14670",2,21.791624397414
"14671",2,64.5525182270604
"14672",2,39.1381018745542
"14673",2,40.8647430938937
"14674",2,58.9776721078285
"14675",2,31.727123096909
"14676",2,48.2068167097684
"14677",2,40.4693338628098
"14678",2,45.2219009378219
"14679",2,20.1885853183291
"14680",2,54.4701597195852
"14681",2,52.6123967821138
"14682",2,74.4651111913551
"14683",2,37.4842117360505
"14684",2,43.4683776601277
"14685",2,39.8348888601239
"14686",2,66.0497011910908
"14687",2,23.9519035038809
"14688",2,29.8589002214771
"14689",2,38.5275527293968
"14690",2,20.2590260592136
"14691",2,38.0399694338843
"14692",2,41.8563967292453
"14693",2,52.8279737119496
"14694",2,57.8998408399723
"14695",2,21.8754179565452
"14696",2,64.3055456812993
"14697",2,33.8134731441701
"14698",2,55.874959470746
"14699",2,31.1898449031936
"14700",2,48.0748089351612
"14701",2,36.6830311424572
"14702",2,43.8610773293374
"14703",2,32.5607818435283
"14704",2,36.2530869136483
"14705",2,56.7154032678296
"14706",2,38.0492372986966
"14707",2,34.4814598627761
"14708",2,35.9212821379262
"14709",2,42.7099601977316
"14710",2,27.9945889792768
"14711",2,56.017977769631
"14712",2,35.1479218837614
"14713",2,34.6100089967475
"14714",2,36.2999576854012
"14715",2,26.8634897488047
"14716",2,50.1173291007761
"14717",2,28.6550921483667
"14718",2,55.0616945238136
"14719",2,26.472991725472
"14720",2,20.3367126002301
"14721",2,36.6755585339572
"14722",2,35.1313171669147
"14723",2,38.3293959719944
"14724",2,37.1683892802198
"14725",2,22.5356551134648
"14726",2,69.4564561057907
"14727",2,32.6179840426195
"14728",2,52.1347852954654
"14729",2,50.5031830508439
"14730",2,28.1189659281676
"14731",2,37.7316795305431
"14732",2,48.9007708531044
"14733",2,43.1257793132125
"14734",2,27.5725671156561
"14735",2,25.3442422199924
"14736",2,46.3762709402536
"14737",2,40.172169980726
"14738",2,50.3438393848375
"14739",2,52.7811353999543
"14740",2,35.6857866694024
"14741",2,47.0180628077596
"14742",2,44.0043395123866
"14743",2,24.8854510448123
"14744",2,54.9120338709442
"14745",2,31.2210411797326
"14746",2,56.3885466606461
"14747",2,21.0886326099325
"14748",2,42.0289297223751
"14749",2,54.0698424191633
"14750",2,29.3806797531014
"14751",2,24.6151060041825
"14752",2,32.9768864520442
"14753",2,66.8241637701517
"14754",2,35.2343507243962
"14755",2,44.9235692499684
"14756",2,23.5600563427616
"14757",2,48.7757800753727
"14758",2,46.0562771007093
"14759",2,46.9137839476363
"14760",2,30.5543413755342
"14761",2,25.1719449717383
"14762",2,43.2147151141059
"14763",2,48.9677771362548
"14764",2,49.139478962756
"14765",2,49.9193863659129
"14766",2,62.1209862045769
"14767",2,52.6660265895191
"14768",2,34.4598101572608
"14769",2,33.630765184242
"14770",2,19.2857057969011
"14856",2,22.1389941053011
"14857",2,50.4531897725544
"14858",2,52.3880736920959
"14859",2,45.6980876385827
"14860",2,42.013803611041
"14861",2,31.2471834842438
"14862",2,55.8958470874239
"14863",2,90.1446156539792
"14864",2,47.2303204147735
"14865",2,31.4816718671457
"14866",2,47.0511727083298
"14867",2,33.3515275348541
"14868",2,32.483070207668
"14869",2,35.8917577160184
"14870",2,30.0293986175808
"14871",2,44.839821973336
"14872",2,54.0232471858764
"14873",2,43.7726792799822
"14874",2,48.5451353147068
"14875",2,39.833212596319
"14876",2,39.2555434091199
"14877",2,50.5342773618861
"14878",2,26.6025371368782
"14879",2,59.5288263989154
"14880",2,33.4038286693898
"14881",2,32.9701481061811
"14882",2,40.7858083246561
"14883",2,32.5498866335386
"14884",2,32.5428533493415
"14885",2,31.7459302195822
"14886",2,43.9590344718399
"14887",2,61.5559133402241
"14888",2,32.8188094064945
"14889",2,21.1668550376582
"14890",2,34.6893706542226
"14891",2,45.4152508474906
"14892",2,33.2302264794381
"14893",2,31.4420799220855
"14894",2,60.6674283749802
"14895",2,34.7837977065705
"14896",2,44.8448824785839
"14897",2,34.2571803017233
"14898",2,61.9775710554032
"14899",2,40.5039704913917
"14900",2,41.5443970302965
"14901",2,24.5705332759249
"14902",2,30.8718199625992
"14903",2,65.9729287772831
"14904",2,53.1683491978597
"14905",2,60.6423163440469
"14906",2,40.0210953863332
"14907",2,32.368943478837
"14908",2,35.9814588997398
"14909",2,57.0333389631394
"14910",2,49.6204584304816
"14911",2,30.7288310240602
"14912",2,45.7085346507755
"14913",2,43.8418702632401
"14914",2,39.1638486952777
"14915",2,37.7343426511191
"14916",2,41.556349990745
"14917",2,55.7085001596206
"14918",2,56.1298812990564
"14919",2,38.8189364264341
"14920",2,52.3752022912146
"14921",2,31.3810247129335
"14922",2,23.0076204922775
"14923",2,32.1980019534445
"14924",2,23.2921761422438
"14925",2,55.5347322547606
"14926",2,49.9007282279932
"14927",2,36.4130846827895
"14928",2,55.8845085884948
"14929",2,45.10402683582
"14930",2,49.109105513648
"14931",2,51.8103364913093
"14932",2,33.8011983666135
"14933",2,50.3247171933002
"14934",2,41.6437429275821
"14935",2,33.011460121826
"14936",2,57.7019403587003
"14937",2,76.6570948986913
"14938",2,62.3511896971131
"14939",2,28.2528532263223
"14940",2,37.6020702318673
"14941",2,46.6592278455334
"14942",2,76.2929075022973
"14943",2,25.3856731655047
"14944",2,46.8043203241202
"14945",2,51.5203549819522
"14946",2,56.9166656742948
"14947",2,77.4830250027933
"14948",2,38.8305220476391
"14949",2,29.8806632128504
"14950",2,34.2003008776762
"14951",2,36.1474614751408
"14952",2,24.0698109274895
"14953",2,22.8250463909473
"14954",2,31.9066931246766
"14955",2,33.1114344653008
"14956",2,27.9591530099208
"14957",2,43.8448314779315
"14958",2,24.9909320547505
"14959",2,27.7744928959806
"14960",2,33.0839578901279
"14961",2,66.1585187506295
"14962",2,40.2101736732667
"14963",2,54.266087869995
"14964",2,28.1918982447226
"14965",2,42.2490598713845
"14966",2,20.8898496506119
"14967",2,68.7396129240128
"14968",2,47.9938808479583
"14969",2,20.3616186411682
"14970",2,63.4115178084545
"14971",2,61.8357167253137
"14972",2,39.9939961588601
"14973",2,25.8675839029252
"14974",2,42.4261486623137
"14975",2,40.1089673538006
"14976",2,72.2531943032598
"14977",2,40.8028107270688
"14978",2,22.9385442027574
"14979",2,44.8734075261125
"14980",2,50.2311889700575
"14981",2,51.1725941516889
"14982",2,56.0396860373462
"14983",2,37.0947437676507
"14984",2,46.1983117536173
"14985",2,48.7950147361211
"14986",2,30.1382206629109
"14987",2,32.7187521958551
"14988",2,25.2704258983223
"14989",2,35.7424145969517
"14990",2,49.5478485069316
"14991",2,31.9746129039562
"14992",2,27.4337282999169
"14993",2,35.5482504640094
"14994",2,50.531349943681
"14995",2,30.7550163355586
"14996",2,54.3274032359819
"14997",2,33.6311463341021
"14998",2,53.5503992122914
"14999",2,22.8701438515422
"15000",2,24.8286872751537
"15001",2,32.6394968589564
"15002",2,29.6156737714891
"15003",2,53.513593112296
"15004",2,48.0877908766111
"15005",2,60.3935733509919
"15006",2,23.6377416480914
"15007",2,48.3842948994387
"15008",2,44.5780122211562
"15009",2,44.5145370753879
"15010",2,48.2743717599277
"15011",2,23.4338805667235
"15012",2,47.4163148012131
"15013",2,37.2160434692792
"15014",2,41.6559195212501
"15015",2,34.9581270973209
"15016",2,49.6456610348352
"15017",2,53.3181238502488
"15018",2,36.9928365781939
"15019",2,42.944149140477
"15020",2,64.9154874468039
"15021",2,18.5316172864702
"15022",2,40.6995365888353
"15023",2,67.3682639831911
"15024",2,34.6890715018668
"15025",2,30.0838860698595
"15111",2,21.8009269381464
"15112",2,49.6106471459516
"15113",2,41.0892149437567
"15114",2,90.2883604126675
"15115",2,43.5071577271552
"15116",2,50.9586996588089
"15117",2,83.7375868914865
"15118",2,29.9932882690736
"15119",2,33.6705130031479
"15120",2,26.7834199655834
"15121",2,30.5667638727713
"15122",2,38.6134056888785
"15123",2,28.7906515574692
"15124",2,38.5334131495567
"15125",2,46.5580821102658
"15126",2,58.9629089163339
"15127",2,16.9614208532002
"15128",2,25.869393422858
"15129",2,46.8245518628953
"15130",2,81.5281186200819
"15131",2,26.5833238395661
"15132",2,28.2417332229965
"15133",2,63.2041393309825
"15134",2,23.9547144546028
"15135",2,58.613094549194
"15136",2,25.876008462793
"15137",2,17.6456306783235
"15138",2,32.5524296494324
"15139",2,61.221130025447
"15140",2,40.4098676185421
"15141",2,38.7833524395985
"15142",2,44.0592235118788
"15143",2,37.7608886458379
"15144",2,77.7700170823205
"15145",2,49.2993172000738
"15146",2,43.5620453252853
"15147",2,27.3073794422584
"15148",2,35.0967720806608
"15149",2,24.9761618609333
"15150",2,30.5784111333375
"15151",2,30.9950792564878
"15152",2,28.7101572606899
"15153",2,30.456093732223
"15154",2,37.5250490432156
"15155",2,54.3695045557317
"15156",2,61.4642552159224
"15157",2,35.5278456734951
"15158",2,62.9708901042168
"15159",2,56.4952972483193
"15160",2,61.8206211178213
"15161",2,57.9249509845213
"15162",2,42.0095888286651
"15163",2,16.5246150366399
"15164",2,44.0346599144943
"15165",2,27.4111936743977
"15166",2,39.0070886407694
"15167",2,54.7902430315291
"15168",2,41.7805526219044
"15169",2,43.544792809731
"15170",2,55.7237532200513
"15171",2,31.1046488459313
"15172",2,69.4429838521295
"15173",2,34.4732168964328
"15174",2,35.1834419746592
"15175",2,37.235219153185
"15176",2,52.4217982056109
"15177",2,54.066732680312
"15178",2,36.0680856826656
"15179",2,45.3978222280314
"15180",2,53.6207074536375
"15181",2,36.7978104536873
"15182",2,39.7729272452391
"15183",2,34.4528392687522
"15184",2,46.0212422956851
"15185",2,33.1461758775423
"15186",2,62.2721437496492
"15187",2,36.9447071614764
"15188",2,37.6442052060733
"15189",2,52.7326462614876
"15190",2,72.8362071238892
"15191",2,45.005109492363
"15192",2,73.3970246860047
"15193",2,34.6004801468288
"15194",2,46.2436603391301
"15195",2,39.2220147280559
"15281",2,64.4763797613139
"15282",2,60.6386868498765
"15283",2,37.9770424095668
"15284",2,27.9930470242746
"15285",2,18.5993062563261
"15286",2,50.8548345723806
"15287",2,37.4732938459042
"15288",2,71.7922541988103
"15289",2,71.616137877813
"15290",2,28.5455851193037
"15291",2,40.597327245274
"15292",2,38.711129788201
"15293",2,80.0715697171239
"15294",2,67.5288682845751
"15295",2,37.5574375683371
"15296",2,30.3908010397618
"15297",2,56.0405852954499
"15298",2,26.5821250174137
"15299",2,50.3558694581256
"15300",2,63.3157763712862
"15301",2,44.4626635258098
"15302",2,34.7492707200512
"15303",2,40.9251275667284
"15304",2,40.2225297198555
"15305",2,41.896911329475
"15306",2,43.2883013272977
"15307",2,51.8424254978344
"15308",2,39.4730889163258
"15309",2,45.8316381848057
"15310",2,29.67400719133
"15311",2,64.8757208348989
"15312",2,42.481257308665
"15313",2,67.8541168918909
"15314",2,46.3707601490614
"15315",2,48.2785496337197
"15316",2,59.1443303653121
"15317",2,39.0169957685509
"15318",2,31.0757653797757
"15319",2,45.602272522061
"15320",2,47.6433533104748
"15321",2,44.4074910486507
"15322",2,40.5444411989356
"15323",2,32.2094187807549
"15324",2,30.7919807099672
"15325",2,24.354031065763
"15326",2,29.0642588021347
"15327",2,34.4186105599334
"15328",2,50.7902198034718
"15329",2,50.2018944902319
"15330",2,55.2612747645243
"15331",2,37.5020048796687
"15332",2,37.3147839049489
"15333",2,22.9720962829489
"15334",2,56.9788132689037
"15335",2,54.5663810081444
"15336",2,27.4354268077235
"15337",2,39.2090581270766
"15338",2,26.9464262603172
"15339",2,59.4555247231371
"15340",2,37.8610583191603
"15341",2,26.8319380300303
"15342",2,49.6026493264454
"15343",2,38.1229131535951
"15344",2,42.8596319147426
"15345",2,25.0065181492298
"15346",2,43.2136800865126
"15347",2,38.1677999991383
"15348",2,40.2138599994242
"15349",2,30.0885014227241
"15350",2,37.8341155431991
"15351",2,35.1638901338755
"15352",2,38.9215900730604
"15353",2,45.0867935839197
"15354",2,67.5977958486378
"15355",2,52.1425705659539
"15356",2,38.1072319704177
"15357",2,25.0536073585356
"15358",2,21.9322998807835
"15359",2,44.517711799239
"15360",2,53.3085808698473
"15361",2,88.5121789940683
"15362",2,50.8834315176802
"15363",2,43.9725139987836
"15364",2,39.8598109549418
"15365",2,37.9174992980043
"15366",2,40.6446710552802
"15367",2,34.6879110645359
"15368",2,45.4990410698034
"15369",2,22.6228370062107
"15370",2,31.2010359766544
"15371",2,35.9130459609313
"15372",2,41.2751810542271
"15373",2,52.6728700670216
"15374",2,28.7729623982002
"15375",2,48.2718999059561
"15376",2,45.5545716884843
"15377",2,56.4320001797094
"15378",2,39.2209674278198
"15379",2,57.0665047751427
"15380",2,37.0407464306074
"15381",2,48.9982931123365
"15382",2,52.4714530281008
"15383",2,29.4957403301984
"15384",2,21.3034259278084
"15385",2,35.7072510466923
"15386",2,43.3046794047263
"15387",2,37.3752546639499
"15388",2,35.0042609373446
"15389",2,20.6563457057193
"15390",2,21.8552684517854
"15391",2,23.9900552986102
"15392",2,26.9924652479124
"15393",2,25.186568975363
"15394",2,38.1501940895414
"15395",2,41.710303970998
"15396",2,37.0594349865432
"15397",2,57.6210492478033
"15398",2,65.0683246648527
"15399",2,42.8490336871604
"15400",2,44.4438861679971
"15401",2,83.5785191463657
"15402",2,36.3251940529436
"15403",2,25.7513105788636
"15404",2,36.6685171171031
"15405",2,54.8351805743663
"15406",2,35.767437785187
"15407",2,79.0098034936674
"15408",2,22.4859402616777
"15409",2,38.5829612285772
"15410",2,26.8266037039696
"15411",2,34.7398903593219
"15412",2,29.8315388445124
"15413",2,51.0716320279578
"15414",2,37.2039121697029
"15415",2,22.7428008687564
"15416",2,63.8817608183193
"15417",2,36.084195445738
"15418",2,37.688774161827
"15419",2,31.0309598574767
"15420",2,21.7895342957402
"15421",2,34.1995026371955
"15422",2,38.751476337239
"15423",2,33.2167834095875
"15424",2,33.0284505434749
"15425",2,23.4333214783396
"15426",2,58.2158778749185
"15427",2,41.1035537130059
"15428",2,44.952759697331
"15429",2,64.9047960463751
"15430",2,23.4737102977848
"15431",2,21.869159520144
"15432",2,48.9260909643649
"15433",2,63.6332512727814
"15434",2,40.4569154738157
"15435",2,55.2327452786417
"15436",2,50.0017164627533
"15437",2,39.0926983709623
"15438",2,44.2177016380632
"15439",2,24.2101778227128
"15440",2,28.7873501349993
"15441",2,37.9360232662063
"15442",2,44.6025829567805
"15443",2,37.990462315305
"15444",2,27.0172516688923
"15445",2,35.8037699751284
"15446",2,50.2831112083682
"15447",2,41.6390378402432
"15448",2,30.2575627788308
"15449",2,25.0209390085542
"15450",2,34.4247723035702
"15451",2,60.6597036990953
"15452",2,32.1846866530332
"15453",2,44.2323707882122
"15454",2,45.3317936573877
"15455",2,39.7940893529971
"15456",2,79.5565280373163
"15457",2,41.4736304180929
"15458",2,35.0349233901093
"15459",2,50.6862934729805
"15460",2,41.9221876515163
"15461",2,41.2023443654625
"15462",2,23.8294869270819
"15463",2,36.3547021794728
"15464",2,33.4989128200692
"15465",2,54.3122108282912
"15466",2,38.1393587223068
"15467",2,62.5644178473812
"15468",2,57.4677319251571
"15469",2,41.7199760903638
"15470",2,48.8817898051201
"15471",2,50.396280483942
"15472",2,47.2247012624343
"15473",2,49.1701628497791
"15474",2,28.9599433660906
"15475",2,37.2273781292692
"15476",2,39.7932122039504
"15477",2,43.5095337313988
"15478",2,44.1135804171745
"15479",2,39.8466882878161
"15480",2,36.1502835038959
"15481",2,27.2141770628857
"15482",2,28.781267116515
"15483",2,31.8321323401506
"15484",2,50.5675257041611
"15485",2,44.1205927822937
"15486",2,66.9847545185894
"15487",2,73.802095390995
"15488",2,27.0110307516553
"15489",2,36.2312144176391
"15490",2,45.2194227176374
"15491",2,71.0558975959129
"15492",2,21.0866433175563
"15493",2,57.5099028375485
"15494",2,39.0396642729482
"15495",2,36.0509886220326
"15496",2,50.0601569291101
"15497",2,72.9068073027768
"15498",2,39.3014874730875
"15499",2,27.9269855523779
"15500",2,33.3328949142834
"15501",2,53.5051345103386
"15502",2,45.7818711153873
"15503",2,37.1558594587792
"15504",2,38.3163734936411
"15505",2,35.4162794887258
"15506",2,55.564265376787
"15507",2,49.9611421741644
"15508",2,38.3115398434819
"15509",2,29.0941772068726
"15510",2,58.1111739009555
"15511",2,41.1449172383605
"15512",2,38.174719828207
"15513",2,42.5173250723671
"15514",2,42.9465070587561
"15515",2,50.1988117018361
"15516",2,64.3420796042178
"15517",2,16.5106231501472
"15518",2,41.6473976608176
"15519",2,36.1129804020972
"15520",2,54.7929067219834
"15521",2,40.6405323613248
"15522",2,44.2289839289193
"15523",2,39.9520218037632
"15524",2,35.9131081087945
"15525",2,96.0472591359629
"15526",2,24.3954958302681
"15527",2,27.4794482743232
"15528",2,44.5228909477722
"15529",2,34.6873396163516
"15530",2,41.8667056356048
"15531",2,25.8700411142275
"15532",2,45.3237199208427
"15533",2,38.4500362693488
"15534",2,20.0536789053517
"15535",2,36.5573663634762
"15536",2,20.9892362273488
"15537",2,37.5908777957106
"15538",2,38.6301113885367
"15539",2,22.4034222756942
"15540",2,54.7962214307567
"15541",2,41.6499502242286
"15542",2,37.1941905948367
"15543",2,53.0766188163842
"15544",2,38.8845755096123
"15545",2,27.9165234780864
"15546",2,55.08043784426
"15547",2,46.8413564805388
"15548",2,27.9298794357446
"15549",2,47.2821551562925
"15550",2,46.8874375718535
"15551",2,40.0901382224329
"15552",2,50.2382693178988
"15553",2,79.0392196547234
"15554",2,53.4368644237608
"15555",2,77.6621385020192
"15556",2,64.5805497603784
"15557",2,33.5094856322502
"15558",2,41.4251009355085
"15559",2,30.0090677176275
"15560",2,42.8116695906126
"15561",2,37.4649502882442
"15562",2,45.4592257747035
"15563",2,36.2519684260611
"15564",2,34.1276567036918
"15565",2,34.692099488666
"15566",2,47.9123394475095
"15567",2,28.2190366771899
"15568",2,29.2889559876632
"15569",2,25.8396801086788
"15570",2,21.4275764116806
"15571",2,51.0920058139405
"15572",2,54.9338197051967
"15573",2,41.5120894061277
"15574",2,38.3264291342612
"15575",2,49.3856542921102
"15576",2,32.938066643369
"15577",2,50.1818398677235
"15578",2,46.7253582828868
"15579",2,20.1643613849949
"15580",2,44.8077543214148
"15581",2,32.3613982271967
"15582",2,29.682065067402
"15583",2,50.2472832690237
"15584",2,46.366771164729
"15585",2,56.4088266009133
"15586",2,66.1638838614228
"15587",2,47.0688867438576
"15588",2,27.3173524847275
"15589",2,49.2902670896987
"15590",2,39.6799064070449
"15591",2,28.8495341661969
"15592",2,38.4536637452154
"15593",2,32.1901658157208
"15594",2,28.8899116563113
"15595",2,27.5372535510109
"15596",2,38.6838109317092
"15597",2,23.1167035640668
"15598",2,19.434826636985
"15599",2,53.8286381410441
"15600",2,38.7395394411014
"15601",2,42.1049313038507
"15602",2,68.2154203585499
"15603",2,27.4046007037599
"15604",2,72.4799661803879
"15605",2,45.7879409768981
"15606",2,39.1651304747191
"15607",2,59.2714646580047
"15608",2,37.4459675750711
"15609",2,28.0911003328956
"15610",2,29.4401332995123
"15611",2,35.1274359886444
"15612",2,22.7572596282976
"15613",2,31.338484204056
"15614",2,44.2781687748872
"15615",2,27.4100172097515
"15616",2,47.5793613604173
"15617",2,38.9172478617667
"15618",2,33.6331723914388
"15619",2,26.2445581731414
"15620",2,36.1518226967053
"15706",2,42.9317395037401
"15707",2,36.9100136244783
"15708",2,53.9784218025603
"15709",2,46.6259070506544
"15710",2,34.9463198502994
"15711",2,42.7700634572659
"15712",2,36.9111224789666
"15713",2,33.7055820401225
"15714",2,14.3389333176323
"15715",2,60.2843587562728
"15716",2,36.2265794832369
"15717",2,61.0573075324235
"15718",2,66.5127453209833
"15719",2,25.6023778020171
"15720",2,48.5032333478169
"15721",2,35.5379865071506
"15722",2,60.9918875548911
"15723",2,36.4363748000411
"15724",2,42.6838842324615
"15725",2,40.06813675221
"15726",2,48.2756794838996
"15727",2,17.5843901821486
"15728",2,39.9780938892913
"15729",2,40.7310121416793
"15730",2,64.9625316738187
"15731",2,41.9097358548101
"15732",2,36.9743964329705
"15733",2,43.5207512825823
"15734",2,36.7301720714921
"15735",2,39.2799921974678
"15736",2,36.5654324502568
"15737",2,30.7432236450743
"15738",2,49.4125142722859
"15739",2,29.040387755344
"15740",2,29.8417536493631
"15741",2,35.1587545333386
"15742",2,44.8806535297291
"15743",2,42.7771963554468
"15744",2,39.3672196360346
"15745",2,35.6277924129483
"15746",2,33.5347071966296
"15747",2,51.1474414667615
"15748",2,32.6494408440396
"15749",2,30.775225654579
"15750",2,32.8706732972128
"15751",2,33.499955445088
"15752",2,34.470395055366
"15753",2,46.5196841396154
"15754",2,50.6712702024834
"15755",2,29.944279454279
"15756",2,30.9268768722053
"15757",2,38.0782038992162
"15758",2,43.9021976107917
"15759",2,40.6573530840145
"15760",2,40.7638791663166
"15761",2,38.1334711751951
"15762",2,17.7198666564921
"15763",2,57.0730066143734
"15764",2,55.1779688479717
"15765",2,31.6587930558048
"15766",2,46.9453264745004
"15767",2,63.6987047300227
"15768",2,42.0496931850311
"15769",2,45.8089705459128
"15770",2,44.7353439018101
"15771",2,30.5744850019104
"15772",2,54.5106866191482
"15773",2,28.7431755756295
"15774",2,51.5085176155522
"15775",2,49.6865095915717
"15776",2,34.4102454043897
"15777",2,63.8563301390785
"15778",2,36.172723669435
"15779",2,47.7974689837545
"15780",2,31.1612905651446
"15781",2,37.4902820399085
"15782",2,31.5888466773049
"15783",2,39.7817422819524
"15784",2,25.8344278912241
"15785",2,31.4686348825248
"15786",2,39.9456308608375
"15787",2,25.0596222396995
"15788",2,55.7128526683712
"15789",2,51.3216708538266
"15790",2,23.3045596594119
"15961",2,57.2835081331128
"15962",2,42.4277771679658
"15963",2,41.0340993521319
"15964",2,24.3625591065716
"15965",2,42.2454361418445
"15966",2,58.6880329387581
"15967",2,45.6875864359579
"15968",2,36.494079718359
"15969",2,49.9243479497943
"15970",2,38.1762536145589
"15971",2,39.3003214960814
"15972",2,46.9703438472482
"15973",2,27.0237501514758
"15974",2,42.3215084484554
"15975",2,23.5067735796398
"15976",2,84.0790130617944
"15977",2,41.2329332259303
"15978",2,24.4729097775987
"15979",2,26.3908188205332
"15980",2,49.8568029295452
"15981",2,19.8834708366606
"15982",2,29.0430580710296
"15983",2,32.2231611867721
"15984",2,29.3977356142776
"15985",2,54.7942821761131
"15986",2,32.912614837287
"15987",2,28.4223287878081
"15988",2,49.2831242215371
"15989",2,58.3999314416288
"15990",2,63.3068120337885
"15991",2,44.0034038645452
"15992",2,53.0016633340519
"15993",2,54.2133635785209
"15994",2,28.7260425517539
"15995",2,31.9322647475831
"15996",2,36.6271347265953
"15997",2,40.6061049040431
"15998",2,33.6106315437767
"15999",2,54.7773721087671
"16000",2,27.2928465073472
"16001",2,24.9772390228053
"16002",2,55.7234994205442
"16003",2,50.9754797096902
"16004",2,29.4613056251905
"16005",2,42.2809637027654
"16006",2,35.9033664383714
"16007",2,51.1771097302682
"16008",2,32.0713313405511
"16009",2,27.8216620296579
"16010",2,65.0973231790889
"16011",2,45.4203229485993
"16012",2,41.3075869561257
"16013",2,63.1142631632772
"16014",2,34.130947603741
"16015",2,48.7795641820568
"16016",2,30.0118216318787
"16017",2,33.9034373837881
"16018",2,60.824719439206
"16019",2,30.234452364448
"16020",2,47.4226315048713
"16021",2,28.7921508225458
"16022",2,53.4627233751973
"16023",2,46.9130655712299
"16024",2,21.4416569122588
"16025",2,22.3068661801358
"16026",2,50.4518287388183
"16027",2,28.5879708726276
"16028",2,53.4332495562922
"16029",2,18.3349771910641
"16030",2,83.6119322256913
"16031",2,37.436366146585
"16032",2,49.7349654799997
"16033",2,26.6756073951057
"16034",2,61.0522670807739
"16035",2,46.5119606630589
"16036",2,34.4664903413782
"16037",2,12.2298977927991
"16038",2,30.651058418866
"16039",2,36.3619865464505
"16040",2,28.8961723459935
"16041",2,45.9274147276485
"16042",2,16.7896135880397
"16043",2,41.3025078294344
"16044",2,30.7284962283545
"16045",2,39.5321012585977
"16131",2,27.4820358155571
"16132",2,33.3803261710757
"16133",2,44.4166495039726
"16134",2,40.1129327843586
"16135",2,32.1158100065454
"16136",2,24.5563570151423
"16137",2,33.3781788753013
"16138",2,51.3883822113252
"16139",2,73.076283418808
"16140",2,41.6691604150074
"16141",2,22.8350353679294
"16142",2,24.2833235297639
"16143",2,35.1123949057927
"16144",2,39.3963807300559
"16145",2,34.4348384999722
"16146",2,38.7203613714958
"16147",2,75.5330563074857
"16148",2,26.9552989795644
"16149",2,29.5378992524797
"16150",2,50.8540268343625
"16151",2,45.2008425290222
"16152",2,43.1062279003467
"16153",2,80.6062170163577
"16154",2,34.5303402011747
"16155",2,32.1251392293503
"16156",2,61.6816537557524
"16157",2,23.7711522271304
"16158",2,31.9304053788484
"16159",2,51.2756536978118
"16160",2,39.6099738518816
"16161",2,47.8415652000566
"16162",2,49.8246997307642
"16163",2,46.4550786018438
"16164",2,49.2145618364113
"16165",2,31.6781882385691
"16166",2,36.6096887319535
"16167",2,45.7043981864933
"16168",2,51.1692874871397
"16169",2,100.209368974709
"16170",2,47.1776539206168
"16171",2,31.5951713422307
"16172",2,41.4370691367814
"16173",2,25.2837657813217
"16174",2,49.9592889885107
"16175",2,44.1979465210966
"16176",2,45.7021351648078
"16177",2,55.243585342067
"16178",2,43.8364977695146
"16179",2,34.1887292826739
"16180",2,55.8897356916628
"16181",2,37.6970346572924
"16182",2,25.4966321988434
"16183",2,43.2524876573797
"16184",2,30.9524823008687
"16185",2,50.7193205900756
"16186",2,65.7314050843619
"16187",2,28.7339569250193
"16188",2,32.7415101749341
"16189",2,27.4432287137481
"16190",2,24.920147448478
"16191",2,31.9440760327918
"16192",2,18.3675182188706
"16193",2,42.64907154122
"16194",2,44.2447519753375
"16195",2,39.6477390585847
"16196",2,44.8875985386436
"16197",2,48.4675745414675
"16198",2,31.0716647728659
"16199",2,48.7749258430042
"16200",2,45.6375473628834
"16201",2,37.3583290883834
"16202",2,55.2605381286505
"16203",2,53.047409390107
"16204",2,27.2246254805007
"16205",2,48.5919843953069
"16206",2,15.0825945043526
"16207",2,28.9763421576923
"16208",2,27.1237431705038
"16209",2,52.4425037847274
"16210",2,56.2863549691546
"16211",2,39.1707512945815
"16212",2,29.2578464622219
"16213",2,51.250290101153
"16214",2,39.145699073679
"16215",2,23.5209819047118
"16301",2,37.789725981909
"16302",2,31.2845506256991
"16303",2,42.331497475342
"16304",2,50.7649287918233
"16305",2,33.4014163757478
"16306",2,31.1466527813119
"16307",2,70.5869172592171
"16308",2,37.5450502110446
"16309",2,14.1450167748649
"16310",2,47.1867389347898
"16311",2,51.3129115112575
"16312",2,37.5661307518409
"16313",2,60.1195585207408
"16314",2,32.9675807429964
"16315",2,40.9463054582518
"16316",2,28.2688718664658
"16317",2,35.9952332835784
"16318",2,29.1437673735334
"16319",2,22.1040479340077
"16320",2,38.9697632123833
"16321",2,22.2925841414191
"16322",2,38.0849764973559
"16323",2,56.3330929493688
"16324",2,33.9306147113642
"16325",2,18.0457518022456
"16326",2,36.5910146561548
"16327",2,35.7896039042695
"16328",2,30.1977715870853
"16329",2,68.8397618581865
"16330",2,31.6322829904332
"16331",2,64.3588428155403
"16332",2,33.7869475159486
"16333",2,40.5685719969108
"16334",2,37.4377241891099
"16335",2,32.9042247423503
"16336",2,29.5698173675186
"16337",2,30.2304752454817
"16338",2,30.1964035007989
"16339",2,43.3471099297265
"16340",2,35.1663127472385
"16341",2,36.8112185199431
"16342",2,39.3899370295331
"16343",2,38.8725673091803
"16344",2,26.5459491043611
"16345",2,37.8983301429612
"16346",2,31.254273110008
"16347",2,38.1600759382147
"16348",2,30.1306513918676
"16349",2,35.2818896833277
"16350",2,37.1913342525223
"16351",2,81.5213921221885
"16352",2,21.0575024326691
"16353",2,41.4104045603161
"16354",2,38.6423793536541
"16355",2,32.5029634655083
"16356",2,30.9438759244851
"16357",2,39.6001283543481
"16358",2,44.6972333519529
"16359",2,36.6701761055128
"16360",2,24.6237260465027
"16361",2,50.4830688328533
"16362",2,45.0852885741693
"16363",2,31.3769627275197
"16364",2,48.8644954842272
"16365",2,42.4685972177822
"16366",2,35.1514443988247
"16367",2,44.0451734170058
"16368",2,34.8341097274581
"16369",2,25.5138325981351
"16370",2,38.6728739415632
"16371",2,77.306239789781
"16372",2,41.799122733838
"16373",2,33.8160181195748
"16374",2,47.2956900043071
"16375",2,33.2367158446403
"16376",2,25.884765047534
"16377",2,29.1549324994893
"16378",2,54.4897028285878
"16379",2,55.013551940504
"16380",2,34.0546112077069
"16381",2,60.692193820719
"16382",2,31.5525526910626
"16383",2,46.8409884392533
"16384",2,16.595671738323
"16385",2,41.5253715867354
"16471",2,63.0363475370365
"16472",2,36.489779655806
"16473",2,32.6477965237299
"16474",2,39.5657717826894
"16475",2,30.0844865018469
"16476",2,47.8368157040755
"16477",2,43.5063540290681
"16478",2,42.5383212565272
"16479",2,54.255779720795
"16480",2,63.5728611277088
"16481",2,34.4916708737497
"16482",2,56.8889213458342
"16483",2,42.7493728376079
"16484",2,64.2814528407165
"16485",2,64.6543481959276
"16486",2,51.9361932106599
"16487",2,65.4750027850042
"16488",2,38.5584303282556
"16489",2,25.4317412611982
"16490",2,37.625665603899
"16491",2,23.9030355775336
"16492",2,42.7623093756332
"16493",2,37.1836967164662
"16494",2,39.8006588610893
"16495",2,28.5515064328588
"16496",2,42.3608618577585
"16497",2,48.8616372269051
"16498",2,37.1255591175097
"16499",2,39.2355328266159
"16500",2,33.3230900879868
"16501",2,37.4522497930063
"16502",2,29.9803936305101
"16503",2,28.0420345219592
"16504",2,41.2324446433697
"16505",2,26.9680393137518
"16506",2,25.3217260278103
"16507",2,42.9538671457226
"16508",2,47.2965289546157
"16509",2,50.7799854435734
"16510",2,26.7585134602289
"16511",2,65.0749563732969
"16512",2,37.089936632211
"16513",2,51.3870589885092
"16514",2,23.2340621717572
"16515",2,49.1409965086012
"16516",2,44.8136105798802
"16517",2,45.8235554286304
"16518",2,67.7972310447893
"16519",2,46.6325135096583
"16520",2,49.6269185331905
"16521",2,40.6415668816272
"16522",2,41.1391969280069
"16523",2,44.5675841007215
"16524",2,46.8807318555329
"16525",2,29.235057763355
"16526",2,43.9795527554348
"16527",2,33.7330631976085
"16528",2,25.0191882446863
"16529",2,38.6059308624113
"16530",2,23.7577392208134
"16531",2,34.5805676629541
"16532",2,42.518286515569
"16533",2,27.3303812737905
"16534",2,25.236709407618
"16535",2,62.2262516898251
"16536",2,43.8989951372739
"16537",2,35.2950040106325
"16538",2,58.262593524515
"16539",2,30.4858680653847
"16540",2,46.6830952177578
"16541",2,35.4915952945787
"16542",2,47.3077336881196
"16543",2,46.3021659806679
"16544",2,50.3300134440103
"16545",2,43.0566436455206
"16546",2,48.4589874736695
"16547",2,28.3455963440392
"16548",2,55.408458264491
"16549",2,20.6808604283672
"16550",2,20.0092998712943
"16551",2,30.4799565914105
"16552",2,40.3545487329318
"16553",2,41.9352999403391
"16554",2,54.7825787723392
"16555",2,54.8524738611829
"16981",2,33.7020328997415
"16982",2,51.1745751873402
"16983",2,39.2768604597167
"16984",2,58.8724427791245
"16985",2,91.5593674952661
"16986",2,27.0779419791629
"16987",2,40.1425117611211
"16988",2,33.6276581339763
"16989",2,38.2490996902002
"16990",2,36.9874306759265
"16991",2,66.106622456347
"16992",2,69.2975140482249
"16993",2,49.5074038883595
"16994",2,44.4093667600505
"16995",2,30.4491824381805
"16996",2,47.3386133839801
"16997",2,36.6318565127224
"16998",2,29.8231646662871
"16999",2,27.8971322924925
"17000",2,49.5427359970866
"17001",2,36.053809755275
"17002",2,26.8732351651725
"17003",2,32.0491109905396
"17004",2,59.7990786245055
"17005",2,19.6972182656986
"17006",2,49.1436088707338
"17007",2,56.8508676287743
"17008",2,56.563319610065
"17009",2,48.3306918753973
"17010",2,22.6977185410502
"17011",2,37.5154035695053
"17012",2,24.0259675532571
"17013",2,32.0663312651422
"17014",2,41.6299327692197
"17015",2,44.3302764996708
"17016",2,56.9050268507432
"17017",2,40.7941900826286
"17018",2,38.859499577602
"17019",2,37.6193084542078
"17020",2,38.9949394116794
"17021",2,27.8946041833978
"17022",2,17.9294956923136
"17023",2,23.1136088340765
"17024",2,51.8956271300625
"17025",2,69.5558833690769
"17026",2,32.0401207487532
"17027",2,34.0620548319235
"17028",2,36.6654658127127
"17029",2,49.5098101544732
"17030",2,28.5156550906056
"17031",2,30.2212197749199
"17032",2,35.4368652287743
"17033",2,49.2109303940674
"17034",2,59.2158987998626
"17035",2,39.4059227985761
"17036",2,46.1847000399195
"17037",2,25.9015740561899
"17038",2,30.6177525628406
"17039",2,23.9956137596107
"17040",2,26.7066004386326
"17041",2,23.821781369348
"17042",2,53.9930454963671
"17043",2,33.8922869199444
"17044",2,44.4779273281029
"17045",2,45.3700700353485
"17046",2,25.3961295357725
"17047",2,43.0330638342693
"17048",2,56.8180846333539
"17049",2,36.9812394503373
"17050",2,38.5254458467597
"17051",2,39.0582217348046
"17052",2,34.9069735554438
"17053",2,36.7987985113403
"17054",2,44.2332862526438
"17055",2,42.601186385161
"17056",2,31.4156399927573
"17057",2,34.1799048509275
"17058",2,90.6263737069821
"17059",2,20.5086763727376
"17060",2,53.2036958768236
"17061",2,55.747812701852
"17062",2,22.3827152700998
"17063",2,34.7352741308202
"17064",2,25.5981604716876
"17065",2,28.0905846659265
"17066",2,43.4477575135557
"17067",2,48.0624731885957
"17068",2,35.1607013942439
"17069",2,39.614096246531
"17070",2,38.3321828750736
"17071",2,44.9932388202233
"17072",2,17.9389142989593
"17073",2,73.3161844370744
"17074",2,35.6915630601841
"17075",2,34.7497719315883
"17076",2,70.6601479030274
"17077",2,31.8795995655025
"17078",2,45.2651383394426
"17079",2,36.1988478727271
"17080",2,38.0989752795793
"17081",2,30.1198388535226
"17082",2,48.4410050028884
"17083",2,62.6645559343161
"17084",2,46.7174693088739
"17085",2,27.434247842362
"17086",2,27.0082106015877
"17087",2,54.043195720511
"17088",2,36.3206238972369
"17089",2,40.4881264156741
"17090",2,39.8216179005076
"17091",2,39.050220395898
"17092",2,43.3928790409105
"17093",2,54.756289282987
"17094",2,22.9749010680345
"17095",2,27.2977836313306
"17096",2,38.3455618335829
"17097",2,34.7777310152585
"17098",2,69.5842291360361
"17099",2,33.7113520207907
"17100",2,30.4586092799138
"17101",2,29.5970655711429
"17102",2,26.4886822476662
"17103",2,57.9534702109836
"17104",2,40.3017709301552
"17105",2,48.9111663082778
"17106",2,30.7554255245959
"17107",2,36.8381161501965
"17108",2,44.16201776665
"17109",2,47.3936330774032
"17110",2,43.4435334417258
"17111",2,37.2396147626674
"17112",2,40.823924988604
"17113",2,33.5521858146316
"17114",2,49.811575116301
"17115",2,54.3080070562091
"17116",2,19.1310180519574
"17117",2,12.6656072241372
"17118",2,42.4650063561097
"17119",2,64.9148509784756
"17120",2,40.7067416199072
"17121",2,46.8154776563521
"17122",2,46.0548327251563
"17123",2,29.0845212806392
"17124",2,43.4181565389826
"17125",2,52.385810393156
"17126",2,29.478728597334
"17127",2,70.8366324761192
"17128",2,41.7435286276149
"17129",2,29.8031725788696
"17130",2,44.9691988662195
"17131",2,56.6313195089217
"17132",2,39.1952571358174
"17133",2,40.7555822970843
"17134",2,38.3272761734604
"17135",2,43.7686770222478
"17136",2,30.132362541691
"17137",2,37.3933332603014
"17138",2,30.9324719568639
"17139",2,39.612733891949
"17140",2,26.237834104991
"17141",2,38.468482879173
"17142",2,54.1500197242439
"17143",2,45.2983946161299
"17144",2,37.7342042983886
"17145",2,85.3434659247148
"17146",2,43.5673269408113
"17147",2,20.0835164261041
"17148",2,46.9472725046422
"17149",2,58.2301972620092
"17150",2,60.781899409908
"17151",2,46.2475119602676
"17152",2,53.0644213149238
"17153",2,50.6899142749605
"17154",2,58.8086107923839
"17155",2,20.7825101123109
"17156",2,30.1104228880022
"17157",2,30.5645691033176
"17158",2,35.8647769530298
"17159",2,36.8027961316447
"17160",2,34.6435559334377
"17161",2,39.7867102779749
"17162",2,30.6266538712708
"17163",2,71.7361975191431
"17164",2,43.6591639666646
"17165",2,36.9609192862869
"17166",2,32.9757629074658
"17167",2,41.7009831829533
"17168",2,35.5007392996419
"17169",2,40.9248179138243
"17170",2,41.9946177905774
"17171",2,34.0228927913258
"17172",2,57.399457621225
"17173",2,79.3048869593397
"17174",2,24.5900140130737
"17175",2,45.4423095699843
"17176",2,33.3058269097354
"17177",2,52.3808596410957
"17178",2,31.6619687165546
"17179",2,44.0711946092194
"17180",2,29.993278360811
"17181",2,35.9001008735198
"17182",2,22.0216167203921
"17183",2,35.4276795024284
"17184",2,73.3373073790595
"17185",2,43.8038684892606
"17186",2,33.8993618001361
"17187",2,83.1416658859617
"17188",2,52.9441367841455
"17189",2,38.9237542788596
"17190",2,28.4762335671735
"17191",2,24.3217205562028
"17192",2,48.2768204001006
"17193",2,35.0959620027333
"17194",2,77.6449716600615
"17195",2,39.6865824724206
"17196",2,36.9928841721442
"17197",2,32.9487032975331
"17198",2,26.0184461451614
"17199",2,39.8590840793424
"17200",2,20.4895240367791
"17201",2,35.7471305576662
"17202",2,22.8773594744312
"17203",2,31.7228221272122
"17204",2,65.0505911474419
"17205",2,38.2225093249983
"17206",2,28.5683371095166
"17207",2,24.2165703846304
"17208",2,26.4041533749869
"17209",2,51.8935664397154
"17210",2,71.0833150816484
"17211",2,36.6928590880608
"17212",2,36.7793048049226
"17213",2,33.9136106529702
"17214",2,71.2575878415454
"17215",2,21.0958510555775
"17216",2,51.8083512084005
"17217",2,26.4776568681043
"17218",2,55.8037313538281
"17219",2,47.9314740619331
"17220",2,49.0124117464192
"17221",2,26.8402435588429
"17222",2,31.0241730692665
"17223",2,16.8544182470397
"17224",2,29.833928260965
"17225",2,25.5417478812037
"17226",2,37.4052623921895
"17227",2,37.1601368850654
"17228",2,30.5070202398757
"17229",2,32.062286114991
"17230",2,21.4032986060559
"17231",2,49.9185128071571
"17232",2,43.2868167029862
"17233",2,47.7447653771094
"17234",2,53.4321335305505
"17235",2,35.8575410354563
"17236",2,68.8364230062679
"17237",2,29.0483599654079
"17238",2,40.8381208688673
"17239",2,56.0723617295697
"17240",2,46.4263966291204
"17241",2,30.6717775197061
"17242",2,29.6020491894786
"17243",2,55.0264064440314
"17244",2,34.9508039241216
"17245",2,33.0767533990375
"17246",2,29.3069053164995
"17247",2,44.0222050179655
"17248",2,62.8465129655987
"17249",2,62.3733655889894
"17250",2,54.9979272658616
"17251",2,23.0529148890637
"17252",2,61.4356234591416
"17253",2,51.2064948716782
"17254",2,65.5603694544749
"17255",2,27.4815651455304
"17256",2,27.3034055346206
"17257",2,36.6755901502606
"17258",2,35.703033234784
"17259",2,47.585287850391
"17260",2,35.7937291016167
"17261",2,37.0359351266506
"17262",2,27.520747204936
"17263",2,49.1439475138728
"17264",2,61.0075526213711
"17265",2,37.6227595304955
"17266",2,35.2893284898872
"17267",2,46.846866601473
"17268",2,32.341505301539
"17269",2,35.8381981680378
"17270",2,26.5316436792178
"17271",2,33.7276868108145
"17272",2,63.8616780915614
"17273",2,34.2099493335207
"17274",2,51.7713229002508
"17275",2,23.7966078028801
"17276",2,56.6967111308511
"17277",2,31.413865751355
"17278",2,19.9566253931923
"17279",2,38.6081748358764
"17280",2,27.9084859386975
"17281",2,41.8634902131022
"17282",2,39.0901012166089
"17283",2,80.6588020688619
"17284",2,47.3900045515535
"17285",2,58.5921615647329
"17286",2,58.7805750362976
"17287",2,40.9279423144527
"17288",2,38.6801879072484
"17289",2,21.9757596006105
"17290",2,48.5229756316427
"17291",2,54.2789807745283
"17292",2,29.5774041854024
"17293",2,27.8340615718544
"17294",2,52.715476814328
"17295",2,51.0619231543285
"17296",2,32.7294097455522
"17297",2,31.3239436281997
"17298",2,33.6743086712321
"17299",2,61.7819351264938
"17300",2,39.9597197956256
"17301",2,46.4242359672929
"17302",2,42.5037433846296
"17303",2,63.6364522119089
"17304",2,22.0527966185324
"17305",2,45.0128057619525
"17306",2,42.0242445991675
"17307",2,53.0386376410085
"17308",2,44.3161776090027
"17309",2,25.9014464639146
"17310",2,27.4833563900685
"17311",2,34.4653815181493
"17312",2,34.1253441859917
"17313",2,53.825632553544
"17314",2,53.8634641171514
"17315",2,35.3952798714877
"17316",2,29.0619568031023
"17317",2,61.0321665393874
"17318",2,64.8272305516847
"17319",2,40.2773091132388
"17320",2,31.8753772710503
"17321",2,31.8128815565714
"17322",2,44.4526004386538
"17323",2,46.8643069054616
"17324",2,86.0347787513675
"17325",2,41.4391972820939
"17326",2,46.4979284990484
"17327",2,26.2089336859967
"17328",2,45.3610247968107
"17329",2,37.990837735845
"17330",2,60.2018011385382
"17331",2,34.7167808733506
"17332",2,23.0427652275866
"17333",2,35.2966097672326
"17334",2,29.5410185517643
"17335",2,47.3544706773455
"17336",2,40.8261717499264
"17337",2,42.1196010302623
"17338",2,61.1942691287653
"17339",2,49.2163601912713
"17340",2,32.8070812778647
"17341",2,38.9326857357681
"17342",2,36.2528715766473
"17343",2,62.0298252844619
"17344",2,63.0476668107613
"17345",2,28.2733290670011
"17346",2,24.4202821631006
"17347",2,61.8577971294408
"17348",2,38.0615173757811
"17349",2,22.2689312370473
"17350",2,42.9099393396938
"17351",2,29.4664030550519
"17352",2,30.4475342605824
"17353",2,41.6672918892843
"17354",2,23.6051396881901
"17355",2,44.2055663115525
"17356",2,29.8418808645089
"17357",2,44.7834469899275
"17358",2,61.6411435574582
"17359",2,33.2744549973036
"17360",2,54.8363391785642
"17361",2,28.9523785910401
"17362",2,28.9452347837017
"17363",2,39.8144744617927
"17364",2,34.956536062807
"17365",2,25.614661875556
"17366",2,29.130987690202
"17367",2,66.1282281500932
"17368",2,34.3024379363541
"17369",2,19.0765331610252
"17370",2,44.407074438923
"17371",2,29.358095902055
"17372",2,22.7840225876038
"17373",2,39.0611602226932
"17374",2,17.9825232359622
"17375",2,16.448028617207
"17376",2,25.4682143810048
"17377",2,56.5324951823995
"17378",2,28.2680245624746
"17379",2,35.8319227148278
"17380",2,41.3875461370747
"17381",2,30.6873548984338
"17382",2,41.3613215664057
"17383",2,20.1807199039553
"17384",2,40.7610117275881
"17385",2,32.7068968674533
"17386",2,48.2856516115625
"17387",2,31.7191106403669
"17388",2,37.106950242603
"17389",2,52.0120069223468
"17390",2,26.1782294993153
"17391",2,32.8549499734817
"17392",2,32.7785083510774
"17393",2,21.5592626421915
"17394",2,49.889944829613
"17395",2,23.168347797676
"17396",2,54.8622172803629
"17397",2,25.3834086713968
"17398",2,71.5500750514739
"17399",2,53.0794039550624
"17400",2,47.2096656220912
"17401",2,50.0512833873044
"17402",2,56.6480615443877
"17403",2,33.137689836919
"17404",2,26.5338827016405
"17405",2,30.1150777389291
"17491",2,27.029091801792
"17492",2,48.3818159955662
"17493",2,35.5101555493775
"17494",2,29.3240026081315
"17495",2,52.1595856353704
"17496",2,15.5593075483664
"17497",2,32.9664073646575
"17498",2,46.9905050321754
"17499",2,54.1635190387493
"17500",2,30.3451794064291
"17501",2,35.4558187718229
"17502",2,47.1313963184167
"17503",2,55.6179260917172
"17504",2,32.0318578456249
"17505",2,38.4544482521671
"17506",2,45.0109133036431
"17507",2,26.7313133834154
"17508",2,43.8896187089409
"17509",2,27.1268712327392
"17510",2,39.5130382231144
"17511",2,55.5564033347293
"17512",2,30.5127741778699
"17513",2,46.6843452491439
"17514",2,46.2646325801732
"17515",2,33.0552876459637
"17516",2,49.8207312524849
"17517",2,33.3581014929107
"17518",2,49.4550816043938
"17519",2,48.5494933260334
"17520",2,32.1482762630407
"17521",2,31.8086059184634
"17522",2,43.380576142936
"17523",2,28.2711580487274
"17524",2,28.0221156322742
"17525",2,55.1339491618942
"17526",2,55.9749425406989
"17527",2,35.0667963077671
"17528",2,51.4715694376631
"17529",2,41.4552196506093
"17530",2,42.6990816068417
"17531",2,38.2974877993774
"17532",2,61.2095464025278
"17533",2,22.5812426902266
"17534",2,59.9759899990326
"17535",2,49.5761577410684
"17536",2,43.777819940893
"17537",2,48.5269746440345
"17538",2,27.761794900079
"17539",2,38.2427954227074
"17540",2,33.9600147547385
"17541",2,45.9257383455164
"17542",2,63.750491656511
"17543",2,20.0459612651763
"17544",2,56.174646381736
"17545",2,42.2327210069592
"17546",2,44.2076967738896
"17547",2,30.0950111990402
"17548",2,29.5544362792147
"17549",2,28.0804020787244
"17550",2,80.5365719514388
"17551",2,65.8880260653452
"17552",2,37.9082662339252
"17553",2,65.1065110207095
"17554",2,22.7508373682574
"17555",2,54.0714635922201
"17556",2,34.401728371933
"17557",2,72.2385973749599
"17558",2,54.0430616410657
"17559",2,21.2124122630544
"17560",2,54.9656861419865
"17561",2,22.6191552786231
"17562",2,71.3191736261169
"17563",2,20.96897903722
"17564",2,26.4374626648317
"17565",2,41.6137439176793
"17566",2,31.4092013210183
"17567",2,44.5992348140748
"17568",2,25.5687483203063
"17569",2,23.8027756310408
"17570",2,48.4655845586258
"17571",2,34.1842951967349
"17572",2,35.3757448291817
"17573",2,51.4815147319608
"17574",2,26.8827928660281
"17575",2,36.3472076847544
"17576",2,25.5187452607023
"17577",2,61.3786045343379
"17578",2,45.9243786545024
"17579",2,40.2097351157236
"17580",2,51.3109433625699
"17581",2,59.108668998353
"17582",2,33.4823007739121
"17583",2,35.0578247503222
"17584",2,42.236475274845
"17585",2,51.8891454692387
"17586",2,43.3952358379817
"17587",2,41.6002186841676
"17588",2,37.1989877000494
"17589",2,32.6882830169002
"17590",2,32.5010872099513
"17591",2,31.9731254410253
"17592",2,30.1858517418989
"17593",2,37.0424673868739
"17594",2,16.6176227130325
"17595",2,43.6296384519401
"17596",2,28.3727732912209
"17597",2,37.8427199994905
"17598",2,39.4081244656652
"17599",2,93.0017261542774
"17600",2,44.5581064663826
"17601",2,53.2231571526219
"17602",2,61.4532222723048
"17603",2,46.5771725183148
"17604",2,34.6446080224235
"17605",2,32.8558421853063
"17606",2,28.8251283279571
"17607",2,33.4507483663699
"17608",2,47.8453305627417
"17609",2,19.8100557954079
"17610",2,71.5224493022727
"17611",2,42.4591731604806
"17612",2,33.4499584907551
"17613",2,27.6773769418092
"17614",2,48.0482907296998
"17615",2,22.1123026535005
"17616",2,45.7776700617433
"17617",2,32.4722800170583
"17618",2,48.0710059490636
"17619",2,42.4720497700746
"17620",2,37.6046728017245
"17621",2,35.0708607873185
"17622",2,33.2732343057411
"17623",2,46.3809543271248
"17624",2,26.8566377752255
"17625",2,37.8351373435916
"17626",2,31.0199645405117
"17627",2,25.3449861108537
"17628",2,30.98120195367
"17629",2,30.89954222616
"17630",2,59.1098722114744
"17631",2,28.122843966254
"17632",2,50.0628827239199
"17633",2,65.2875445723994
"17634",2,20.9761975702375
"17635",2,16.8966350056209
"17636",2,49.6543131255785
"17637",2,49.607180331964
"17638",2,80.7159273015187
"17639",2,30.6570484205971
"17640",2,39.930578064251
"17641",2,25.048745818982
"17642",2,41.8634358929158
"17643",2,36.0243064774078
"17644",2,58.6692703686468
"17645",2,55.5302039355498
"17646",2,42.9710670191474
"17647",2,53.1125033545956
"17648",2,35.430963082187
"17649",2,51.5207507916242
"17650",2,29.8649019795829
"17651",2,53.1607517363989
"17652",2,30.3260144050892
"17653",2,25.2345448225407
"17654",2,41.9776318693528
"17655",2,41.1846191621443
"17656",2,53.1699682588717
"17657",2,53.5168140351882
"17658",2,57.9207435545599
"17659",2,41.3827258556665
"17660",2,54.2213502508177
"17661",2,28.4564777658516
"17662",2,45.6013585125593
"17663",2,38.2914212800603
"17664",2,39.7701438993103
"17665",2,33.0821569853621
"17666",2,23.6726456484927
"17667",2,46.2772373571445
"17668",2,50.9921835639182
"17669",2,43.5282290701045
"17670",2,53.7607321214572
"17671",2,86.2218823771252
"17672",2,81.1891507238604
"17673",2,41.6642064655064
"17674",2,32.1918833353253
"17675",2,37.6113655561859
"17676",2,26.9018134807185
"17677",2,42.3600920861465
"17678",2,44.7772198543574
"17679",2,26.5261983468617
"17680",2,40.9270783259459
"17681",2,51.8185680439444
"17682",2,40.556478601174
"17683",2,33.3118173463673
"17684",2,53.0969461579821
"17685",2,25.6497881215531
"17686",2,44.2789522197563
"17687",2,41.1960860114673
"17688",2,40.6692866566382
"17689",2,18.0388956974311
"17690",2,48.1405446180369
"17691",2,39.7764782736617
"17692",2,44.5295864915258
"17693",2,31.0761952517025
"17694",2,19.685631099935
"17695",2,48.0005465931495
"17696",2,32.2292123904949
"17697",2,21.9301391061708
"17698",2,69.9347230088132
"17699",2,48.8782155457514
"17700",2,42.0996439833619
"17701",2,56.2295830718043
"17702",2,22.1920532750471
"17703",2,46.6705331942329
"17704",2,40.3396246070702
"17705",2,39.0156147850079
"17706",2,46.6498746180298
"17707",2,43.8023398492927
"17708",2,44.6504351775431
"17709",2,34.0299481756129
"17710",2,39.4407706718944
"17711",2,25.9965781388887
"17712",2,41.9399000365534
"17713",2,39.1697120042631
"17714",2,31.5327777777478
"17715",2,33.176200313008
"17716",2,41.9677910857089
"17717",2,42.9464257311476
"17718",2,39.8581469184201
"17719",2,37.2222401428317
"17720",2,48.2530617641799
"17721",2,39.033491780076
"17722",2,50.0580677048807
"17723",2,25.6948587562514
"17724",2,35.0967926746419
"17725",2,79.9196541453703
"17726",2,39.6350756708237
"17727",2,47.9486244817465
"17728",2,80.5629020693849
"17729",2,42.108937851444
"17730",2,44.0726883704841
"17731",2,38.4888245984556
"17732",2,56.4893505256626
"17733",2,21.2617952789106
"17734",2,34.9463097772799
"17735",2,33.2621175282878
"17736",2,52.9736808245206
"17737",2,32.7320979229879
"17738",2,71.6594534439656
"17739",2,30.6186157363466
"17740",2,41.8898421266963
"17741",2,41.7564284671355
"17742",2,29.5260367085056
"17743",2,37.9643479806215
"17744",2,58.4389804599589
"17745",2,46.3690083773424
"17746",2,50.0753012455963
"17747",2,45.0800372011143
"17748",2,33.9029347670698
"17749",2,41.8219038126101
"17750",2,28.3596556952982
"17751",2,40.7367250570679
"17752",2,34.4741656927295
"17753",2,85.718032068019
"17754",2,46.1523437510505
"17755",2,60.9572062809911
"17756",2,31.5673161748526
"17757",2,40.3178085653628
"17758",2,44.453159364944
"17759",2,44.9329030029858
"17760",2,43.0278199697372
"17761",2,60.3618669048095
"17762",2,44.1649411770513
"17763",2,21.7668504827192
"17764",2,61.1884320753109
"17765",2,35.5827188874576
"17766",2,29.7724261860159
"17767",2,44.2571152126774
"17768",2,46.8580507332165
"17769",2,41.8789948485608
"17770",2,34.8589834340472
"17771",2,56.2335598247835
"17772",2,64.0544517847957
"17773",2,43.2663870055031
"17774",2,49.5867291072367
"17775",2,38.9813536253228
"17776",2,20.106209414907
"17777",2,29.3485996274182
"17778",2,22.3078459664566
"17779",2,55.9950482204242
"17780",2,40.7260930382262
"17781",2,44.2618511240698
"17782",2,26.4493473883894
"17783",2,48.5529415498953
"17784",2,69.904837603498
"17785",2,33.4202942057206
"17786",2,46.5285096930395
"17787",2,31.4458214700413
"17788",2,40.7643704521671
"17789",2,29.2336860873634
"17790",2,34.5777403048746
"17791",2,59.6422800606356
"17792",2,39.181573045272
"17793",2,39.7208653758369
"17794",2,18.1383682651808
"17795",2,31.8027698019343
"17796",2,30.3920612577003
"17797",2,30.8029979971499
"17798",2,48.6306846171677
"17799",2,57.6815189670886
"17800",2,22.2761172137539
"17801",2,43.1937376371056
"17802",2,19.2254257809619
"17803",2,26.9065138646817
"17804",2,48.558949362992
"17805",2,39.4725399818957
"17806",2,26.1985257556621
"17807",2,16.5381632502566
"17808",2,48.4014289788326
"17809",2,47.578105108382
"17810",2,70.8235586693366
"17811",2,59.7244321470076
"17812",2,36.3282817847337
"17813",2,37.8167292955434
"17814",2,37.1927674008205
"17815",2,34.8121406791764
"17816",2,19.7582776417427
"17817",2,45.840524010655
"17818",2,51.2052026259705
"17819",2,29.9241220549927
"17820",2,33.0587046575584
"17821",2,38.2237659608571
"17822",2,24.1601919160841
"17823",2,31.4149333305855
"17824",2,28.927222722423
"17825",2,30.2363153932393
"17826",2,46.6085180950671
"17827",2,48.5533270913102
"17828",2,40.3772039154955
"17829",2,35.0657502507225
"17830",2,37.1690304685323
"18001",2,22.6434646094943
"18002",2,35.6084268732645
"18003",2,26.0100032735519
"18004",2,30.4989852882881
"18005",2,40.6994283028605
"18006",2,34.0937035911077
"18007",2,43.7646715294893
"18008",2,80.1152877991835
"18009",2,59.0588490903409
"18010",2,27.8268430651381
"18011",2,54.5943987417818
"18012",2,38.401713342392
"18013",2,38.6361968915941
"18014",2,45.7854646973661
"18015",2,35.2037598769035
"18016",2,34.8336100544432
"18017",2,32.337089395476
"18018",2,41.6464231849682
"18019",2,27.9905742161097
"18020",2,50.2078986627501
"18021",2,49.6106529158289
"18022",2,39.6216457498756
"18023",2,46.6560649048944
"18024",2,38.5049889414457
"18025",2,48.4816200886621
"18026",2,61.5871544649655
"18027",2,22.4030417149091
"18028",2,36.3722936875963
"18029",2,45.6069897802768
"18030",2,28.4384069516364
"18031",2,33.132525219242
"18032",2,36.5814862011275
"18033",2,55.7886923793456
"18034",2,40.3265041557916
"18035",2,21.7357974982141
"18036",2,48.621016646676
"18037",2,39.8833136606067
"18038",2,36.7685141244729
"18039",2,40.6742168889283
"18040",2,40.5714189177784
"18041",2,49.4830686888974
"18042",2,20.537252181245
"18043",2,35.6528080387698
"18044",2,17.5223228808051
"18045",2,38.2125235002454
"18046",2,40.1222672529574
"18047",2,38.8630069364306
"18048",2,44.3916403806004
"18049",2,32.1283963340051
"18050",2,41.2618120556328
"18051",2,38.0331876121001
"18052",2,62.90891949993
"18053",2,37.0604767854738
"18054",2,28.5565495767391
"18055",2,23.0408674749803
"18056",2,41.7824423774425
"18057",2,40.1600707224342
"18058",2,47.3565348322468
"18059",2,40.3735972783238
"18060",2,20.759082214213
"18061",2,37.50377019672
"18062",2,62.5065387067777
"18063",2,38.9896922397625
"18064",2,39.6843336426813
"18065",2,54.6801195633131
"18066",2,33.7281926402545
"18067",2,58.094506845938
"18068",2,43.4205343824105
"18069",2,32.2609175151936
"18070",2,33.0476880416895
"18071",2,42.2836254422825
"18072",2,35.2354433112351
"18073",2,35.1373991501557
"18074",2,34.5247064261164
"18075",2,51.8627581823035
"18076",2,35.0055710813779
"18077",2,36.7138421688852
"18078",2,22.9942560509706
"18079",2,33.8984897975888
"18080",2,41.7404471635318
"18081",2,53.6548626952013
"18082",2,50.6395367456866
"18083",2,53.2077555693009
"18084",2,29.0634750738708
"18085",2,36.1736442731466
"18086",2,80.3783520524852
"18087",2,33.634942153909
"18088",2,34.796687006778
"18089",2,46.3234587584595
"18090",2,47.5096698494118
"18091",2,31.2008762833313
"18092",2,25.9245062986236
"18093",2,31.6025302495972
"18094",2,40.1728496082868
"18095",2,25.1649532397884
"18096",2,39.7015294378544
"18097",2,52.1055462384311
"18098",2,49.0824909567657
"18099",2,39.5955859417531
"18100",2,19.8536193063593
"18101",2,57.7562862871972
"18102",2,52.1219109068401
"18103",2,33.3602484209638
"18104",2,58.685590391604
"18105",2,44.9056815616035
"18106",2,42.2758220329607
"18107",2,38.6260328247606
"18108",2,55.7299129093403
"18109",2,37.0301271543304
"18110",2,45.8565758091248
"18111",2,33.3472008393613
"18112",2,48.9218889747897
"18113",2,39.4062611699932
"18114",2,35.0712794248129
"18115",2,21.6645530694501
"18116",2,22.8355889972217
"18117",2,35.8878402285958
"18118",2,27.5735227133633
"18119",2,51.4868495979312
"18120",2,43.6912588097123
"18121",2,32.1150913493413
"18122",2,34.4404472643321
"18123",2,42.5493420810752
"18124",2,34.6448065853755
"18125",2,46.3503580277316
"18126",2,40.0344407492078
"18127",2,45.5035659920069
"18128",2,38.6952780525639
"18129",2,57.3262506729564
"18130",2,62.093198431252
"18131",2,40.9611279631445
"18132",2,33.9397395381715
"18133",2,42.8584215605202
"18134",2,23.1081258002857
"18135",2,47.5551488201395
"18136",2,34.8152555114706
"18137",2,38.319834453744
"18138",2,48.7886822112139
"18139",2,49.6909123710887
"18140",2,40.8914989937236
"18141",2,38.6660116874594
"18142",2,20.7622460672021
"18143",2,60.1152322053038
"18144",2,47.5336421924208
"18145",2,79.0219327756981
"18146",2,36.0974516385014
"18147",2,51.806268742745
"18148",2,36.1853652380571
"18149",2,30.7056417181933
"18150",2,35.5947784273799
"18151",2,49.4822665738693
"18152",2,32.1118269500448
"18153",2,50.2975032947398
"18154",2,46.7237750021715
"18155",2,58.6492177936595
"18156",2,22.2862783691728
"18157",2,62.5816359770642
"18158",2,17.155872371686
"18159",2,45.7949837290271
"18160",2,42.156893932757
"18161",2,43.4362807924886
"18162",2,28.9135844241824
"18163",2,55.881573091659
"18164",2,41.9712354702782
"18165",2,33.2363812452923
"18166",2,27.5436599076874
"18167",2,41.9069967721192
"18168",2,38.2043377969087
"18169",2,58.4712836089702
"18170",2,28.7792945979369
"18256",2,33.3445524898089
"18257",2,33.3120502169474
"18258",2,39.7536185968617
"18259",2,31.1223778620402
"18260",2,36.7832677059237
"18261",2,30.1475176241369
"18262",2,42.2152164437879
"18263",2,43.2955533864026
"18264",2,28.1423025124108
"18265",2,19.7984223668243
"18266",2,11.34078766616
"18267",2,73.5911822539246
"18268",2,29.5286594292458
"18269",2,45.8820659255679
"18270",2,49.0030846422192
"18271",2,34.3329074583661
"18272",2,33.9234245390498
"18273",2,33.3458300784563
"18274",2,22.9888503679066
"18275",2,29.3880332374253
"18276",2,27.5444594122038
"18277",2,33.5214060972259
"18278",2,34.427360681133
"18279",2,39.2204238013052
"18280",2,36.7628874449374
"18281",2,44.6240983846114
"18282",2,36.8012693486814
"18283",2,41.1888849915868
"18284",2,43.3760974878558
"18285",2,32.4581582461684
"18286",2,59.1661864266204
"18287",2,44.5430830698742
"18288",2,40.0714604106978
"18289",2,45.9153251292912
"18290",2,25.7179494533437
"18291",2,42.980374152946
"18292",2,51.6192583910036
"18293",2,27.55118936395
"18294",2,28.8344526176886
"18295",2,30.0107490379644
"18296",2,58.5978800041984
"18297",2,36.3488312702478
"18298",2,68.9649327144285
"18299",2,27.2818407677082
"18300",2,27.0644280416648
"18301",2,26.544973439441
"18302",2,32.3979577175322
"18303",2,32.9919093656119
"18304",2,50.7810031930317
"18305",2,36.5753744827689
"18306",2,39.8027932504085
"18307",2,41.8628551228113
"18308",2,35.412546105129
"18309",2,36.4005163139911
"18310",2,74.6036895425042
"18311",2,35.6151190955816
"18312",2,70.3619046788365
"18313",2,41.4509857972061
"18314",2,26.9889820694721
"18315",2,17.4164646096577
"18316",2,37.7252040232964
"18317",2,44.2099595105937
"18318",2,53.3361035687274
"18319",2,45.5660563050257
"18320",2,34.4067928342166
"18321",2,24.6955573223608
"18322",2,46.5970041799762
"18323",2,53.3103574008586
"18324",2,18.9469156208094
"18325",2,31.7516510012008
"18326",2,32.099652638684
"18327",2,42.8137355037142
"18328",2,39.8663534710698
"18329",2,44.2239016036797
"18330",2,65.012587929577
"18331",2,43.6539171870906
"18332",2,69.7068334053725
"18333",2,33.5255199506468
"18334",2,49.6203881468963
"18335",2,57.8513212689396
"18336",2,66.42147566538
"18337",2,47.693800427361
"18338",2,44.8456526854585
"18339",2,24.1585141914709
"18340",2,43.8594918742491
"18341",2,71.7496126627707
"18342",2,34.5140573908069
"18343",2,23.3270916437676
"18344",2,52.8652650937525
"18345",2,35.1289431763473
"18346",2,19.581248705826
"18347",2,30.4725158917687
"18348",2,16.006960302273
"18349",2,33.5446454121174
"18350",2,36.9437508674816
"18351",2,36.4402687198505
"18352",2,55.1342943248276
"18353",2,49.0713392371056
"18354",2,64.3797769275232
"18355",2,65.9943939295378
"18356",2,35.9384614885947
"18357",2,48.2638059373273
"18358",2,48.6519004076784
"18359",2,39.8547015147073
"18360",2,30.0758314152062
"18361",2,54.576024415696
"18362",2,27.7104109941855
"18363",2,44.1719746103025
"18364",2,39.6678173898329
"18365",2,44.3702065238373
"18366",2,32.6616253872179
"18367",2,47.245531269795
"18368",2,46.0468499560942
"18369",2,40.3378004197732
"18370",2,31.9467436312071
"18371",2,41.0539759549443
"18372",2,33.3309417850383
"18373",2,25.0475359378189
"18374",2,28.9139772746779
"18375",2,28.9271303312919
"18376",2,26.0270926608339
"18377",2,35.463912909909
"18378",2,42.2997769299706
"18379",2,27.6200906912247
"18380",2,57.7701279629618
"18381",2,17.7500512529759
"18382",2,29.1991999609317
"18383",2,51.4992428711453
"18384",2,56.8351550922169
"18385",2,44.326377740723
"18386",2,37.0171924875249
"18387",2,59.0542209259326
"18388",2,27.8345548780978
"18389",2,35.9618946336529
"18390",2,23.565918246752
"18391",2,44.2589643206664
"18392",2,35.3917063013993
"18393",2,48.3879682812362
"18394",2,52.1114844298123
"18395",2,56.3289037521167
"18396",2,40.1967060793655
"18397",2,37.6472461599096
"18398",2,45.4216779159466
"18399",2,56.1377895495963
"18400",2,51.3856653634528
"18401",2,35.6039868009136
"18402",2,22.7564764364142
"18403",2,40.5678826004482
"18404",2,59.3309390187094
"18405",2,56.7999341639831
"18406",2,33.0329825577551
"18407",2,24.8867713559548
"18408",2,71.8113535549284
"18409",2,55.091084085791
"18410",2,30.2097124541452
"18411",2,38.0887848611886
"18412",2,37.0056913214062
"18413",2,42.2185603972112
"18414",2,52.3319490107282
"18415",2,30.6105997469047
"18416",2,38.9321573498781
"18417",2,32.0576561459553
"18418",2,53.4062491657728
"18419",2,65.9081213219491
"18420",2,32.1855650626874
"18421",2,34.1886068320231
"18422",2,46.4848948252058
"18423",2,63.2297890788714
"18424",2,47.3920962477056
"18425",2,42.3748406377189
"18426",2,26.8461248376675
"18427",2,14.0706975565929
"18428",2,23.7044910758123
"18429",2,19.630138619165
"18430",2,44.7820751723231
"18431",2,39.5819050165823
"18432",2,39.074722471931
"18433",2,50.6476088576479
"18434",2,37.6302683953973
"18435",2,59.7416420548821
"18436",2,31.9528147791081
"18437",2,40.0248793555677
"18438",2,38.1005583497544
"18439",2,23.5247791837447
"18440",2,58.9641795417724
"18441",2,21.9328270297741
"18442",2,73.8504770015262
"18443",2,33.9470927538023
"18444",2,38.7212463877892
"18445",2,42.5200600168273
"18446",2,32.4069988413943
"18447",2,63.3596195454592
"18448",2,35.6681589919251
"18449",2,47.6200366004812
"18450",2,34.7706893558803
"18451",2,23.9672033067946
"18452",2,22.3604712996093
"18453",2,20.447208234591
"18454",2,54.5371441194742
"18455",2,34.6845284391945
"18456",2,42.4175080514199
"18457",2,35.4821929531163
"18458",2,39.9482899936189
"18459",2,58.3820374709274
"18460",2,51.1955553143087
"18461",2,59.6409700546957
"18462",2,48.3969694954793
"18463",2,52.461124993221
"18464",2,26.2224089642374
"18465",2,29.1178558277025
"18466",2,29.1785912049995
"18467",2,25.5780004852625
"18468",2,32.3511223441074
"18469",2,39.0053287785471
"18470",2,35.9798371905913
"18471",2,55.4053560606541
"18472",2,46.0458552404118
"18473",2,30.5018042702793
"18474",2,33.5568485815306
"18475",2,56.0134545274507
"18476",2,22.1370168255162
"18477",2,35.1539109069992
"18478",2,34.7424050305877
"18479",2,32.1982215558893
"18480",2,39.6960958330787
"18481",2,22.4738228692623
"18482",2,26.2031070521677
"18483",2,54.5570700287701
"18484",2,59.0486703345612
"18485",2,25.110003183959
"18486",2,31.2660297630773
"18487",2,46.4725366375922
"18488",2,47.9584571408298
"18489",2,23.7404843710732
"18490",2,50.1784629043166
"18491",2,65.9007593660077
"18492",2,35.9048267166341
"18493",2,29.9243796702846
"18494",2,44.0647671261677
"18495",2,61.8483242735867
"18496",2,49.4265015552235
"18497",2,30.0816536542814
"18498",2,33.841514946668
"18499",2,32.0880678326474
"18500",2,31.3271049979643
"18501",2,39.1218997067162
"18502",2,43.3907076738785
"18503",2,33.2067222054432
"18504",2,31.2668829111172
"18505",2,30.7722684255802
"18506",2,28.5655194982616
"18507",2,34.3490795497706
"18508",2,35.4168694544754
"18509",2,52.1738032562489
"18510",2,45.2835436263062
"18511",2,83.9552268880679
"18512",2,35.3896555432508
"18513",2,35.0173091112997
"18514",2,27.3475132454731
"18515",2,41.9233879041907
"18516",2,42.0464188910623
"18517",2,31.0381375194301
"18518",2,25.7854308523503
"18519",2,61.0878599719495
"18520",2,111.356462170012
"18521",2,37.2041425032909
"18522",2,39.8289507274646
"18523",2,42.2029237561927
"18524",2,42.1552276998958
"18525",2,48.1946437762172
"18526",2,34.7374510491673
"18527",2,16.8555975424804
"18528",2,54.9775902776698
"18529",2,42.6030879514324
"18530",2,42.1920441997593
"18531",2,27.1835570134286
"18532",2,39.6786384033381
"18533",2,39.0623142347453
"18534",2,42.0369477200097
"18535",2,41.6055747224081
"18536",2,29.7987135401414
"18537",2,46.6403867367227
"18538",2,40.9334615553263
"18539",2,36.899011285627
"18540",2,35.3910809325734
"18541",2,59.3105921820774
"18542",2,34.0886088243487
"18543",2,41.4722110753621
"18544",2,45.8180566346594
"18545",2,51.1130031128141
"18546",2,49.6585332143896
"18547",2,33.8845276562559
"18548",2,34.703197309403
"18549",2,53.9391071347604
"18550",2,37.3044320424684
"18551",2,51.420144202433
"18552",2,19.7877800300189
"18553",2,45.397425520152
"18554",2,38.8052041436667
"18555",2,42.835322265045
"18556",2,31.2424099096018
"18557",2,17.2263585071696
"18558",2,50.1645940258705
"18559",2,21.3903380503528
"18560",2,29.2928220483973
"18561",2,36.4963716929657
"18562",2,39.1024478879225
"18563",2,37.3434532620164
"18564",2,39.6951774490477
"18565",2,53.0630107509035
"18566",2,36.8651679532564
"18567",2,46.1165060928149
"18568",2,16.2706985491351
"18569",2,41.0816316619344
"18570",2,38.8776375555083
"18571",2,46.2239025544151
"18572",2,32.8649755642821
"18573",2,55.5307782052425
"18574",2,42.0103405201898
"18575",2,36.520824040443
"18576",2,32.5710528688886
"18577",2,53.1453152352788
"18578",2,21.055640309839
"18579",2,28.0473264548327
"18580",2,23.3028901888634
"18581",2,60.6656797181996
"18582",2,51.7836628974333
"18583",2,21.2882503739474
"18584",2,35.5152236618896
"18585",2,52.0075995464242
"18586",2,54.1154010229155
"18587",2,63.8212256711429
"18588",2,38.7891647273211
"18589",2,50.1632046355779
"18590",2,40.1714913059969
"18591",2,44.8105844521061
"18592",2,30.551994933709
"18593",2,36.4159465023452
"18594",2,41.1270986457805
"18595",2,71.2589186051818
"18766",2,31.2601687024125
"18767",2,38.49311035464
"18768",2,42.9111618777127
"18769",2,56.4522170688849
"18770",2,30.6265176340275
"18771",2,56.298044723681
"18772",2,48.5525730854916
"18773",2,48.7829487877929
"18774",2,39.197916446771
"18775",2,24.2097265697703
"18776",2,45.3975528204814
"18777",2,30.8513754623007
"18778",2,36.730315724481
"18779",2,70.2654214951987
"18780",2,21.3651907240363
"18781",2,43.9230312871977
"18782",2,93.528272714462
"18783",2,71.3774958780677
"18784",2,17.1509857099991
"18785",2,28.9287722490461
"18786",2,18.4856553740273
"18787",2,42.6328893511761
"18788",2,37.0930896506733
"18789",2,24.6386066521935
"18790",2,51.2059138680816
"18791",2,18.5620233714693
"18792",2,38.7628453527827
"18793",2,39.2513901708163
"18794",2,43.3145786221447
"18795",2,44.8413592407252
"18796",2,45.8753961843421
"18797",2,29.2712474523208
"18798",2,40.3232945784655
"18799",2,40.9814171533426
"18800",2,61.7485206693039
"18801",2,33.7172886084349
"18802",2,33.3872644901023
"18803",2,26.4443984544572
"18804",2,98.9548423713257
"18805",2,54.3329900880131
"18806",2,65.4893044877712
"18807",2,31.3461928475285
"18808",2,30.0694706549536
"18809",2,30.5562544755034
"18810",2,58.88960901949
"18811",2,51.3158843689595
"18812",2,62.392553415027
"18813",2,50.8592857275049
"18814",2,43.1112230922964
"18815",2,50.3291919012346
"18816",2,33.5077663706738
"18817",2,95.6503173245651
"18818",2,51.4101060588231
"18819",2,25.5012549847318
"18820",2,52.1174765517923
"18821",2,34.5679222521962
"18822",2,50.9405968620384
"18823",2,31.3828398107837
"18824",2,56.2521790431199
"18825",2,31.7166006255618
"18826",2,57.502242470121
"18827",2,31.8128508683837
"18828",2,59.8426716923629
"18829",2,42.601476444752
"18830",2,37.3449628204262
"18831",2,31.9726342064886
"18832",2,27.5898289141025
"18833",2,35.112864106512
"18834",2,17.8332425100172
"18835",2,48.5796386094154
"18836",2,36.2156577814406
"18837",2,45.7256708839278
"18838",2,38.1428794508063
"18839",2,33.0728329551918
"18840",2,112.856385363601
"18841",2,43.8135675308176
"18842",2,39.33259952891
"18843",2,25.0188769561993
"18844",2,34.9192957020187
"18845",2,41.9935982062032
"18846",2,48.1632578825069
"18847",2,42.743408798273
"18848",2,18.5334859191974
"18849",2,34.2988198328603
"18850",2,77.5475042730403
"18851",2,35.4819536507422
"18852",2,32.1132228126054
"18853",2,41.3794583424487
"18854",2,35.1938342726182
"18855",2,49.7972805149916
"18856",2,42.9357046440561
"18857",2,33.4588620480747
"18858",2,24.6565693934688
"18859",2,32.9719528540919
"18860",2,62.4720017127433
"18861",2,58.737924998597
"18862",2,34.6971466546753
"18863",2,30.7493654717533
"18864",2,42.2775029235491
"18865",2,37.2258010056911
"18866",2,19.7369512224695
"18867",2,25.3712416188918
"18868",2,52.1954816932715
"18869",2,41.9819074275805
"18870",2,42.6511791513524
"18871",2,42.4842594461787
"18872",2,27.8942662539007
"18873",2,48.2061471711106
"18874",2,38.248432299709
"18875",2,69.408820604314
"18876",2,44.1864053057828
"18877",2,48.0152759078871
"18878",2,42.1701144736368
"18879",2,28.394278522701
"18880",2,58.4380355008027
"18881",2,44.7442184179006
"18882",2,44.3091628837742
"18883",2,63.6516110305989
"18884",2,48.1781993112262
"18885",2,25.1774384189013
"18886",2,23.4261024697441
"18887",2,41.5569813380893
"18888",2,65.9793165644067
"18889",2,35.3931912392309
"18890",2,42.8225329988144
"18891",2,43.1161578551662
"18892",2,49.1916178730054
"18893",2,52.6954320656185
"18894",2,52.860107439173
"18895",2,48.8719363586533
"18896",2,35.65812428254
"18897",2,39.3486890494347
"18898",2,47.1658372256083
"18899",2,54.3197138052502
"18900",2,49.5437321595451
"18901",2,47.0006878619541
"18902",2,72.2396996631412
"18903",2,43.8912400457726
"18904",2,42.8686955395562
"18905",2,45.7983227366796
"18906",2,55.112024112775
"18907",2,55.4017705880472
"18908",2,36.1160920425239
"18909",2,65.0152394212238
"18910",2,31.5662554795751
"18911",2,40.5956589204064
"18912",2,24.9134998428459
"18913",2,33.5555644981282
"18914",2,34.272909766132
"18915",2,31.8095883856314
"18916",2,34.0703055283903
"18917",2,52.2840179797677
"18918",2,26.6370030421263
"18919",2,32.8370186667946
"18920",2,49.1722292239656
"18921",2,21.7261028143616
"18922",2,50.1843043651
"18923",2,33.7241050411831
"18924",2,51.715787108393
"18925",2,26.4239588723439
"18926",2,33.090120082039
"18927",2,38.9557151509672
"18928",2,36.1632396646934
"18929",2,28.9845345382945
"18930",2,44.8755836514782
"18931",2,46.9262591397592
"18932",2,60.982322580546
"18933",2,55.6007519193842
"18934",2,31.483872920271
"18935",2,38.5371252270719
"19106",2,58.6955462758342
"19107",2,50.465977788066
"19108",2,55.4163794911904
"19109",2,60.7843607312883
"19110",2,33.2312064828542
"19111",2,60.1563248607832
"19112",2,41.5460217166107
"19113",2,16.9750722460807
"19114",2,46.4560833260601
"19115",2,44.1849587415014
"19116",2,10.402984084203
"19117",2,27.9337535723102
"19118",2,27.4182837725266
"19119",2,35.3124229889564
"19120",2,35.8926051539853
"19121",2,45.3286582688299
"19122",2,45.7098977533258
"19123",2,19.6570923087237
"19124",2,38.2661184386934
"19125",2,32.2107791582669
"19126",2,43.1591315583132
"19127",2,37.3438658740824
"19128",2,27.28130517462
"19129",2,32.2687884167781
"19130",2,47.6599488767338
"19131",2,33.6925410650436
"19132",2,36.5076382013632
"19133",2,24.1644956216868
"19134",2,39.0296594115172
"19135",2,43.5197025192944
"19136",2,25.2762830584894
"19137",2,73.6312264451553
"19138",2,71.9359589979707
"19139",2,43.7803690540661
"19140",2,51.3018373193792
"19141",2,22.8010401426517
"19142",2,39.0758604955639
"19143",2,44.606568564348
"19144",2,31.7715055873455
"19145",2,16.6955442160477
"19146",2,37.3293502867049
"19147",2,35.7012056707549
"19148",2,36.5024920713012
"19149",2,39.9421912659741
"19150",2,48.4016090455354
"19151",2,44.757045647098
"19152",2,56.6489987021407
"19153",2,40.7008584608152
"19154",2,44.847235227958
"19155",2,36.7952583048862
"19156",2,42.2753210471987
"19157",2,22.1069942346582
"19158",2,27.09659171711
"19159",2,35.3690650149039
"19160",2,49.8500374024139
"19161",2,26.363095492651
"19162",2,31.6147300488225
"19163",2,63.7741648865719
"19164",2,47.5713203930019
"19165",2,26.6288941885974
"19166",2,44.3256052314151
"19167",2,46.5202768554035
"19168",2,46.3807169944273
"19169",2,54.1609445794022
"19170",2,47.0619764181521
"19171",2,20.8220653484837
"19172",2,35.2712916325542
"19173",2,46.8241570848402
"19174",2,42.6654719242136
"19175",2,34.4808501984183
"19176",2,42.3584857821187
"19177",2,45.9018732078161
"19178",2,66.9750363552713
"19179",2,46.4088028550129
"19180",2,29.2657910365226
"19181",2,59.7685582818371
"19182",2,42.7203622708231
"19183",2,33.4901609472322
"19184",2,52.4670280911671
"19185",2,52.7264831614818
"19186",2,51.7828477102213
"19187",2,46.3890374038367
"19188",2,19.4065653612802
"19189",2,53.18689808527
"19190",2,46.1409106362901
"19191",2,22.7901816928133
"19192",2,34.0863940719318
"19193",2,55.035922173157
"19194",2,22.5767934436648
"19195",2,39.583166394396
"19196",2,35.2403556740743
"19197",2,59.6685472086163
"19198",2,69.0478226927882
"19199",2,46.0171862055217
"19200",2,50.5974195774271
"19201",2,25.152026476715
"19202",2,38.9798360250478
"19203",2,40.5706888595249
"19204",2,30.6136631283932
"19205",2,29.3810620648826
"19206",2,40.6311169830923
"19207",2,66.145080635625
"19208",2,56.8928371757901
"19209",2,56.3074549477877
"19210",2,28.6310995850243
"19211",2,40.0734146053176
"19212",2,21.6779095542177
"19213",2,37.7029602487898
"19214",2,27.5454703817018
"19215",2,55.1837673288444
"19216",2,43.0585393979473
"19217",2,22.3376414420233
"19218",2,16.7134836343929
"19219",2,59.8744093342622
"19220",2,40.937713657653
"19221",2,44.4809744863962
"19222",2,29.1850971228982
"19223",2,44.4311389422009
"19224",2,40.7815474812319
"19225",2,29.7426373892139
"19226",2,38.8705201533303
"19227",2,40.0540588360681
"19228",2,39.578323513698
"19229",2,44.6732091085307
"19230",2,37.5852845405805
"19231",2,17.306633358696
"19232",2,37.7435900423323
"19233",2,56.0796812648241
"19234",2,27.6607737797752
"19235",2,33.3652400259532
"19236",2,34.1608877592713
"19237",2,32.1727442223263
"19238",2,25.7376589477827
"19239",2,37.18001888363
"19240",2,48.2887515011008
"19241",2,48.0177771581742
"19242",2,63.7479836640403
"19243",2,35.0416058478959
"19244",2,32.3739083026665
"19245",2,39.3345074183278
"19246",2,34.0639087783851
"19247",2,38.2893490542858
"19248",2,24.6431026998145
"19249",2,47.9291752034163
"19250",2,43.6817385219857
"19251",2,29.9338133898622
"19252",2,28.3105756326147
"19253",2,43.0790212970702
"19254",2,32.950917622401
"19255",2,25.5087932588725
"19256",2,35.050194527932
"19257",2,33.7913233603103
"19258",2,54.2175261556732
"19259",2,33.1289776476873
"19260",2,37.9594358452909
"19261",2,24.9835565031014
"19262",2,52.7463284584693
"19263",2,41.7708205636252
"19264",2,20.7673576789385
"19265",2,34.3961822267069
"19266",2,58.6837479379676
"19267",2,52.5210366900015
"19268",2,45.9413525617681
"19269",2,46.0467890095629
"19270",2,40.409958624604
"19271",2,42.4354352965335
"19272",2,26.9400174168006
"19273",2,62.3756406612936
"19274",2,49.8478986741739
"19275",2,31.880131242887
"19446",2,38.9102984225654
"19447",2,53.6799852557779
"19448",2,23.9665300945893
"19449",2,22.2981669335357
"19450",2,38.172785360312
"19451",2,51.6878629109258
"19452",2,38.7835536156932
"19453",2,25.4168210423569
"19454",2,50.1572263947728
"19455",2,100.070466659999
"19456",2,25.8405547292687
"19457",2,47.2093268563664
"19458",2,44.2961902748793
"19459",2,24.3618539166372
"19460",2,63.7239823050081
"19461",2,34.5787380433802
"19462",2,21.6902197605028
"19463",2,30.578114352315
"19464",2,27.9152552277942
"19465",2,56.8126379320941
"19466",2,20.0290883991722
"19467",2,48.2355724552384
"19468",2,57.5102954750578
"19469",2,63.385087028661
"19470",2,26.5561481741986
"19471",2,68.4053037635843
"19472",2,62.9535630025433
"19473",2,56.3066577211375
"19474",2,50.0484540729968
"19475",2,22.2999429742564
"19476",2,35.150176024459
"19477",2,42.746612192249
"19478",2,62.777499172218
"19479",2,39.7037128941276
"19480",2,42.7855497919753
"19481",2,33.1912533643584
"19482",2,51.228645060147
"19483",2,45.6508166066258
"19484",2,35.1001022341146
"19485",2,36.5487082934644
"19486",2,87.3526208397602
"19487",2,39.5869843325153
"19488",2,30.6338567344414
"19489",2,38.4177624077212
"19490",2,33.8822095321665
"19491",2,35.6414698305423
"19492",2,31.2880037046564
"19493",2,22.4387843904902
"19494",2,63.4183792237957
"19495",2,55.7443688022846
"19496",2,50.4158220641158
"19497",2,46.4567129722552
"19498",2,34.4519817686353
"19499",2,33.2090973693435
"19500",2,24.1862574863379
"19501",2,66.6629745340952
"19502",2,65.3248475763913
"19503",2,29.6945284468049
"19504",2,43.1196821326232
"19505",2,29.6164382893218
"19506",2,23.371470979251
"19507",2,39.3457969177976
"19508",2,31.487431862164
"19509",2,41.6500366514085
"19510",2,36.2851004149341
"19511",2,48.9703100965586
"19512",2,43.154264548659
"19513",2,58.765693052507
"19514",2,29.3810929462744
"19515",2,30.0376680195038
"19516",2,38.5804778315407
"19517",2,57.7923610244281
"19518",2,28.3498643987786
"19519",2,45.9110604738494
"19520",2,27.9558446460653
"19521",2,53.201100434564
"19522",2,32.3525730905836
"19523",2,39.0858139601802
"19524",2,72.2511054599404
"19525",2,42.6015073767678
"19526",2,26.0609013646855
"19527",2,48.6905336822448
"19528",2,37.7655973983931
"19529",2,37.4908834020147
"19530",2,27.2598110350614
"19616",2,62.7553523331349
"19617",2,44.6499373789896
"19618",2,31.9291704731915
"19619",2,35.2202716448172
"19620",2,27.1365386163369
"19621",2,71.9467860588958
"19622",2,39.0284998839839
"19623",2,49.6485502563567
"19624",2,35.9697076887794
"19625",2,64.8141065103156
"19626",2,39.1342885022117
"19627",2,32.5329557866938
"19628",2,36.0580823891071
"19629",2,41.4427038250719
"19630",2,37.2632756275112
"19631",2,48.1690507093749
"19632",2,58.0361464687749
"19633",2,25.8446411924918
"19634",2,41.3582691312832
"19635",2,36.5187649446316
"19636",2,32.3099209716367
"19637",2,37.5304900506453
"19638",2,44.1150930841247
"19639",2,41.2621538026975
"19640",2,37.7950009793273
"19641",2,23.4405899956284
"19642",2,46.9067723303471
"19643",2,47.5257256856059
"19644",2,46.4065479730313
"19645",2,45.3723651130759
"19646",2,34.0748784651586
"19647",2,47.1125655842545
"19648",2,91.089902010527
"19649",2,34.4977002673456
"19650",2,48.5587783177235
"19651",2,37.8709065012559
"19652",2,36.6337189341239
"19653",2,44.0323528179035
"19654",2,54.0484570467455
"19655",2,39.7712585804764
"19656",2,27.5726702127405
"19657",2,29.0382082724946
"19658",2,37.7365675449491
"19659",2,23.420093682442
"19660",2,66.3700381405538
"19661",2,68.4085030505623
"19662",2,48.4802141127219
"19663",2,33.347435119418
"19664",2,26.8421668558617
"19665",2,66.1214879447491
"19666",2,42.6639774850895
"19667",2,38.9068613381648
"19668",2,38.0407513184292
"19669",2,26.3254342617191
"19670",2,28.8008245301634
"19671",2,28.1299589759148
"19672",2,25.9912030226206
"19673",2,45.0450224181055
"19674",2,50.778742720792
"19675",2,24.872678665516
"19676",2,28.4943499913499
"19677",2,31.0846101595063
"19678",2,31.8519508430944
"19679",2,40.3471368501764
"19680",2,30.6141488160398
"19681",2,46.7575264897434
"19682",2,31.4461699819161
"19683",2,37.931696925082
"19684",2,50.4039010331096
"19685",2,50.4825271751613
"19686",2,30.7775086271004
"19687",2,44.7706500999131
"19688",2,22.8254726286046
"19689",2,43.0107406996306
"19690",2,39.1232715978528
"19691",2,43.9007210662147
"19692",2,39.0640377526913
"19693",2,18.4355750346255
"19694",2,45.2371592089059
"19695",2,25.7592063255792
"19696",2,37.5344079968503
"19697",2,31.9819138519508
"19698",2,42.8254105334538
"19699",2,49.5965599760079
"19700",2,31.674609615144
"19871",2,45.0600003699953
"19872",2,35.040709485033
"19873",2,32.2671687492077
"19874",2,36.7710888352111
"19875",2,50.0055856396284
"19876",2,34.3708114542605
"19877",2,51.5746411270014
"19878",2,25.8875766435337
"19879",2,52.0367213390439
"19880",2,38.528029645441
"19881",2,60.0560229673953
"19882",2,45.5269742603564
"19883",2,48.2879653373224
"19884",2,22.8690103207579
"19885",2,36.9512334322986
"19886",2,38.8027647315561
"19887",2,22.1772270871209
"19888",2,24.6709870581674
"19889",2,40.6704792613716
"19890",2,25.7864771584191
"19891",2,31.8104945888333
"19892",2,49.6118776765216
"19893",2,50.5288897857347
"19894",2,34.7088930463368
"19895",2,39.0258827567251
"19896",2,52.3894981628999
"19897",2,30.1301449869782
"19898",2,34.7480900295477
"19899",2,57.765888682688
"19900",2,40.7705849323181
"19901",2,24.4072293252244
"19902",2,35.6497486860099
"19903",2,23.4368324083244
"19904",2,31.0584953868749
"19905",2,25.5594695362416
"19906",2,28.545952611409
"19907",2,29.7357020371219
"19908",2,33.7804134055722
"19909",2,65.9422359894592
"19910",2,40.7100970803195
"19911",2,21.2141787967633
"19912",2,19.6378358709663
"19913",2,29.3064359084868
"19914",2,62.784075216604
"19915",2,65.4802475754426
"19916",2,28.7197713368817
"19917",2,51.0047536991197
"19918",2,57.7405502979007
"19919",2,26.7119075529402
"19920",2,20.8597633760159
"19921",2,28.2294018793399
"19922",2,31.0733542647034
"19923",2,33.572060829726
"19924",2,69.7732618208665
"19925",2,39.5856671189046
"19926",2,41.5511694653207
"19927",2,38.1699979680008
"19928",2,30.0164204669733
"19929",2,28.2919968791877
"19930",2,62.3797137611321
"19931",2,35.836214664545
"19932",2,44.6225252976281
"19933",2,26.0360783092025
"19934",2,51.4723857632102
"19935",2,33.3041933969689
"19936",2,42.5996967301237
"19937",2,37.8850010264762
"19938",2,19.0106197163587
"19939",2,58.8755240016713
"19940",2,54.4251892491202
"19941",2,30.026343616457
"19942",2,41.5892242341458
"19943",2,27.6981348554177
"19944",2,51.3565092232723
"19945",2,48.86517166025
"19946",2,17.3661314343693
"19947",2,23.3618702593556
"19948",2,29.6799959710595
"19949",2,40.5995985593913
"19950",2,26.4128105802739
"19951",2,48.7404429519371
"19952",2,38.0152738804502
"19953",2,40.1255248091766
"19954",2,29.102264750915
"19955",2,47.8046254070746
"20211",2,31.7727580346431
"20212",2,16.2878067375865
"20213",2,43.4481747138992
"20214",2,28.4555338760228
"20215",2,45.8275462836606
"20216",2,30.3675506745527
"20217",2,27.5379201197248
"20218",2,36.4865435356197
"20219",2,22.4063814465162
"20220",2,31.4590858174065
"20221",2,38.456587704134
"20222",2,30.7427748954808
"20223",2,43.5522295116103
"20224",2,37.4542834662106
"20225",2,32.7807980118755
"20226",2,55.5374413702396
"20227",2,33.9892078147415
"20228",2,36.7280575690605
"20229",2,45.6304362211441
"20230",2,56.0998393148692
"20231",2,22.2126640124368
"20232",2,27.2028973355762
"20233",2,29.0184488293432
"20234",2,43.6157162958583
"20235",2,38.0898053194184
"20236",2,56.1751886132498
"20237",2,26.2929731268658
"20238",2,38.2645534128765
"20239",2,43.697652267577
"20240",2,19.1940807945422
"20241",2,31.967682542412
"20242",2,68.4311536000818
"20243",2,36.2611639813861
"20244",2,34.3808523929845
"20245",2,53.7673548095926
"20246",2,50.9658281644272
"20247",2,50.5435373900682
"20248",2,41.8663902363187
"20249",2,35.8595611316117
"20250",2,47.9381743864556
"20251",2,44.8569412945946
"20252",2,47.2563283444484
"20253",2,59.2018689299513
"20254",2,33.564382353393
"20255",2,21.8061860685597
"20256",2,18.016617187318
"20257",2,62.0183270512089
"20258",2,35.6771850159443
"20259",2,29.4030966102421
"20260",2,27.1492703109384
"20261",2,28.9011310100064
"20262",2,37.803081566583
"20263",2,33.4601562213995
"20264",2,27.9501088269495
"20265",2,36.9182732367902
"20266",2,48.1988942043435
"20267",2,22.8641763154846
"20268",2,81.8406834505815
"20269",2,38.573720604494
"20270",2,51.8921649406388
"20271",2,39.8315675513467
"20272",2,53.9303435844947
"20273",2,55.2775947424649
"20274",2,71.2361894360671
"20275",2,29.7992626922031
"20276",2,74.3759569033783
"20277",2,39.5899750381196
"20278",2,35.2104906686035
"20279",2,13.0752895740503
"20280",2,19.5756434547155
"20281",2,36.0136713372831
"20282",2,46.7265585248904
"20283",2,32.7154481324849
"20284",2,35.5679378553167
"20285",2,28.0744806649038
"20286",2,67.6937842211538
"20287",2,27.4475119174616
"20288",2,45.9492183517914
"20289",2,41.948982212646
"20290",2,40.54903696259
"20291",2,44.7628563246078
"20292",2,34.2953787898796
"20293",2,43.1828250674927
"20294",2,61.3252396907469
"20295",2,36.3790155747614
"20381",2,28.3463592897205
"20382",2,55.6660244887466
"20383",2,46.8707551587631
"20384",2,30.9970431103221
"20385",2,46.1921639040758
"20386",2,31.0906563767507
"20387",2,47.7980631191449
"20388",2,35.3079943367229
"20389",2,36.1033513761682
"20390",2,43.8944482890371
"20391",2,29.0204234628991
"20392",2,55.7603059821681
"20393",2,45.5881524392002
"20394",2,34.2668320012954
"20395",2,70.2695553552643
"20396",2,28.4005389124517
"20397",2,69.2182992200723
"20398",2,50.119736712347
"20399",2,32.9551107710097
"20400",2,39.0699090092039
"20401",2,32.5822358300113
"20402",2,58.7365467747874
"20403",2,43.5575133730224
"20404",2,47.1315331005198
"20405",2,73.0495533659095
"20406",2,16.8587035021074
"20407",2,31.3902989304978
"20408",2,48.5014958656729
"20409",2,26.8609593886032
"20410",2,70.6478934168754
"20411",2,47.3579483770607
"20412",2,62.4336222827404
"20413",2,44.4304592622382
"20414",2,27.50920202932
"20415",2,45.768868054614
"20416",2,25.9752413523068
"20417",2,60.4901794085085
"20418",2,59.1907125878384
"20419",2,64.60638567171
"20420",2,46.8950811239995
"20421",2,48.3004692570523
"20422",2,25.7903390403427
"20423",2,43.0572189838304
"20424",2,56.5561086175251
"20425",2,24.1860729283997
"20426",2,46.1837202177798
"20427",2,20.3501104846618
"20428",2,62.8146153854779
"20429",2,31.0032007379714
"20430",2,47.0552091836982
"20431",2,30.4230342752108
"20432",2,39.4559903768541
"20433",2,22.2900284224359
"20434",2,15.3213583903064
"20435",2,52.9611295603287
"20436",2,45.9069549699247
"20437",2,56.5405617698446
"20438",2,54.0505024236908
"20439",2,35.3736372791942
"20440",2,32.4453230399112
"20441",2,52.0651005392667
"20442",2,54.9808116810042
"20443",2,46.3308266404509
"20444",2,40.6714462334709
"20445",2,32.584120969728
"20446",2,52.4250927541188
"20447",2,51.0591736838953
"20448",2,46.3835367244297
"20449",2,83.7210091466357
"20450",2,25.3605589730177
"20451",2,33.4970178980359
"20452",2,42.7703256341459
"20453",2,26.4181352002074
"20454",2,32.0571639546403
"20455",2,25.1041767162067
"20456",2,65.945484478864
"20457",2,32.4705102482456
"20458",2,45.194997386452
"20459",2,73.0005873142863
"20460",2,46.5591471003112
"20461",2,31.6277621028276
"20462",2,49.2284970384362
"20463",2,39.9376208621744
"20464",2,33.6491261911654
"20465",2,20.5889500902658
"20636",2,22.153862778103
"20637",2,25.0996818456949
"20638",2,44.1150507911744
"20639",2,19.0184489411784
"20640",2,51.1182312367265
"20641",2,43.1453021156939
"20642",2,57.2088951313697
"20643",2,47.7443113896942
"20644",2,38.6549623897729
"20645",2,30.8616094743642
"20646",2,38.4256619864529
"20647",2,18.1943706246582
"20648",2,60.7799680501548
"20649",2,46.3627424128972
"20650",2,61.0701102071239
"20651",2,68.0516148348485
"20652",2,27.6645244363847
"20653",2,54.1593788547828
"20654",2,64.5470545974811
"20655",2,36.1963993162446
"20656",2,34.3269650088037
"20657",2,59.7589371165716
"20658",2,50.0650855413362
"20659",2,40.5269928245601
"20660",2,35.5516574765286
"20661",2,33.8803614290819
"20662",2,27.9199986786746
"20663",2,49.2206540098238
"20664",2,37.9157709151077
"20665",2,28.2754021088894
"20666",2,54.0603439895323
"20667",2,37.2884923324825
"20668",2,30.0029534619114
"20669",2,37.6374099293299
"20670",2,53.7893140115208
"20671",2,43.9985927017405
"20672",2,31.700322599902
"20673",2,46.4670652473137
"20674",2,47.7530905300481
"20675",2,42.1426121590188
"20676",2,50.1523929274007
"20677",2,44.0397353974508
"20678",2,38.1836721639563
"20679",2,29.5114133953471
"20680",2,35.6735124523226
"20681",2,40.9013076164392
"20682",2,27.2671577480692
"20683",2,64.0332492864853
"20684",2,46.1084587086657
"20685",2,18.1108581007083
"20686",2,31.6051650940512
"20687",2,34.0811910972052
"20688",2,39.8571418382796
"20689",2,51.7148741192256
"20690",2,14.3300535428729
"20691",2,40.0148567875916
"20692",2,43.935945121443
"20693",2,32.2830475243913
"20694",2,34.4310295637549
"20695",2,69.1350015298488
"20696",2,29.5974638897266
"20697",2,34.3405053090547
"20698",2,30.6539474568166
"20699",2,20.1297792149668
"20700",2,16.7694627538776
"20701",2,26.2362279774301
"20702",2,77.0616641310994
"20703",2,33.9939597900737
"20704",2,37.3175787572523
"20705",2,48.3198964202926
"20706",2,52.9106347083206
"20707",2,45.2800867835902
"20708",2,25.7683040412986
"20709",2,38.0869462933075
"20710",2,68.9667652158983
"20711",2,42.5603528473644
"20712",2,66.1384880788962
"20713",2,39.9390172708476
"20714",2,31.0508202082739
"20715",2,40.8195063686689
"20716",2,40.245504113804
"20717",2,44.1348232929788
"20718",2,69.3451338622095
"20719",2,24.537815134004
"20720",2,61.5110933734657
"20891",2,14.9247214511142
"20892",2,34.2823574268838
"20893",2,48.7258854559772
"20894",2,38.5025272277352
"20895",2,45.6529432174165
"20896",2,52.7207886067683
"20897",2,49.4202916717445
"20898",2,47.5070734977209
"20899",2,48.2390378641033
"20900",2,19.4033772020543
"20901",2,40.6715372802839
"20902",2,43.3252305759839
"20903",2,38.6861514426846
"20904",2,20.5825589635385
"20905",2,28.5373242258073
"20906",2,30.0196058995272
"20907",2,53.5313920208751
"20908",2,37.0915202536813
"20909",2,50.6804410820084
"20910",2,42.0381508988227
"20911",2,29.1599365237413
"20912",2,36.1355492876993
"20913",2,43.4482748392292
"20914",2,28.8626193469946
"20915",2,45.8219582252432
"20916",2,55.1236354239279
"20917",2,61.5665240660381
"20918",2,71.8119182592516
"20919",2,30.1545933105253
"20920",2,32.4320166356881
"20921",2,31.9001122241952
"20922",2,30.1779400620754
"20923",2,47.872433428999
"20924",2,20.6125287168096
"20925",2,60.7603726922036
"20926",2,23.9217068965694
"20927",2,24.9009527571357
"20928",2,40.7386052999848
"20929",2,30.7813937976869
"20930",2,30.4641216045196
"20931",2,46.5271353458838
"20932",2,37.9907616402844
"20933",2,53.1894266495267
"20934",2,42.2561142500484
"20935",2,38.6522390321796
"20936",2,53.099729762499
"20937",2,75.2577346417968
"20938",2,32.061830442824
"20939",2,39.2404777363023
"20940",2,50.8588336698482
"20941",2,38.959023309977
"20942",2,46.5411780275349
"20943",2,68.9362308932911
"20944",2,61.8529987085758
"20945",2,38.0243134619591
"20946",2,48.9659942589393
"20947",2,47.9745425712584
"20948",2,37.5827456314837
"20949",2,26.7207751931371
"20950",2,34.47048689209
"20951",2,44.4394358606376
"20952",2,49.7106172173955
"20953",2,34.5029166914485
"20954",2,36.7825264415354
"20955",2,33.6086790656427
"20956",2,21.3802224411787
"20957",2,29.3922483045817
"20958",2,41.9528699460944
"20959",2,35.9923165435073
"20960",2,34.6082690289523
"20961",2,33.6069293372609
"20962",2,27.1021083228953
"20963",2,52.1893535794608
"20964",2,43.3489314790099
"20965",2,24.3251549854996
"20966",2,29.0515896160386
"20967",2,42.6662055617363
"20968",2,30.9469781108679
"20969",2,33.2618424701802
"20970",2,39.5735604446889
"20971",2,46.2094575630984
"20972",2,42.301770240395
"20973",2,54.9627671502871
"20974",2,34.8794426317835
"20975",2,26.4099528250313
"21231",2,46.9428643612136
"21232",2,28.7452828452315
"21233",2,41.2387643599726
"21234",2,23.2870069700479
"21235",2,33.2812416158643
"21236",2,32.1686501907124
"21237",2,27.381173049135
"21238",2,47.6257610157345
"21239",2,57.4041801444709
"21240",2,36.0931243240492
"21241",2,55.1410073721439
"21242",2,50.6504330521878
"21243",2,37.1136392007919
"21244",2,44.0002440606275
"21245",2,47.0636494415751
"21246",2,29.2030672128887
"21247",2,41.2830388050917
"21248",2,53.9455225824858
"21249",2,61.9766279212482
"21250",2,22.9048753582647
"21251",2,31.3469042884259
"21252",2,26.7511088485783
"21253",2,37.4510966183547
"21254",2,24.9125993298683
"21255",2,32.2434727278946
"21256",2,41.8959222150092
"21257",2,70.9671078469232
"21258",2,49.0957434135617
"21259",2,23.5086676792278
"21260",2,33.2906047524963
"21261",2,39.6190187753579
"21262",2,39.1294767228037
"21263",2,73.4881325236817
"21264",2,34.6081046187155
"21265",2,57.1154688632261
"21266",2,47.3239407132146
"21267",2,25.5667577606371
"21268",2,28.7602895554668
"21269",2,40.4608752511868
"21270",2,74.6561788506126
"21271",2,33.2873846698478
"21272",2,44.6238745504296
"21273",2,21.0332054925729
"21274",2,39.5497297578401
"21275",2,35.1594843219072
"21276",2,31.0403524198797
"21277",2,20.6453368181916
"21278",2,37.1031239863803
"21279",2,26.5785055762656
"21280",2,30.8411186965091
"21281",2,39.6214858407339
"21282",2,37.3336514093819
"21283",2,27.0597174181955
"21284",2,65.2781046802528
"21285",2,46.5064527902372
"21286",2,23.9144864387169
"21287",2,32.8704804377921
"21288",2,32.0606058049625
"21289",2,35.1475900371774
"21290",2,35.5610894193869
"21291",2,44.4541597311705
"21292",2,33.8131470149198
"21293",2,30.5502280580754
"21294",2,47.3053129589277
"21295",2,26.5573121887107
"21296",2,26.1387992066022
"21297",2,38.2704541748782
"21298",2,36.5402584006482
"21299",2,35.3542479507805
"21300",2,36.9837753244161
"21301",2,41.1432631556809
"21302",2,70.3158636709747
"21303",2,42.9254334363021
"21304",2,33.8724535567541
"21305",2,21.730778754804
"21306",2,26.9557311947081
"21307",2,56.623666750478
"21308",2,33.2020270462671
"21309",2,29.0746382685942
"21310",2,30.705918460367
"21311",2,25.9719452931119
"21312",2,44.7513671868154
"21313",2,84.1461319163953
"21314",2,16.4458202279816
"21315",2,57.0192126769717
"21316",2,35.3508107905555
"21317",2,44.3602064541488
"21318",2,29.5113120340618
"21319",2,73.8258525409531
"21320",2,44.5978701439474
"21321",2,30.309686073893
"21322",2,58.0181856312429
"21323",2,41.4890001132023
"21324",2,37.1813058639716
"21325",2,21.1713233455631
"21326",2,45.5965600109861
"21327",2,44.7630440631947
"21328",2,52.9428536912723
"21329",2,30.0192548621416
"21330",2,49.8975344899035
"21331",2,23.9146487658308
"21332",2,42.4866361503776
"21333",2,37.1505391920824
"21334",2,64.2714800666878
"21335",2,29.8184470398974
"21336",2,117.348627568149
"21337",2,49.7595615878389
"21338",2,59.6892625157018
"21339",2,31.8868888091702
"21340",2,33.6147925556267
"21341",2,35.469239499821
"21342",2,70.6540034212401
"21343",2,33.3497259223364
"21344",2,16.907798492914
"21345",2,33.8265721770415
"21346",2,28.303217385918
"21347",2,65.7526756575971
"21348",2,54.6048460616998
"21349",2,38.5040638379564
"21350",2,43.3722549012286
"21351",2,15.7926014333082
"21352",2,33.0564529614484
"21353",2,47.7426406074454
"21354",2,33.6773381783136
"21355",2,49.2836454902
"21356",2,35.5848247599855
"21357",2,40.2456679722297
"21358",2,22.2593372919959
"21359",2,29.1742679104019
"21360",2,50.2658027731145
"21361",2,52.0268947981085
"21362",2,47.4783336748511
"21363",2,35.5058734509284
"21364",2,50.1240604878547
"21365",2,61.0227606912065
"21366",2,37.1337135468999
"21367",2,41.1767378200869
"21368",2,32.1463060089965
"21369",2,42.7314631213694
"21370",2,30.2448413519894
"21371",2,37.8112298774527
"21372",2,42.7748709214041
"21373",2,24.7068451478333
"21374",2,32.5486421040796
"21375",2,74.6121183288411
"21376",2,26.9328605382913
"21377",2,61.2669259816604
"21378",2,34.8861295548994
"21379",2,40.6270352019039
"21380",2,22.8364332895333
"21381",2,59.5682438674739
"21382",2,36.0424364499296
"21383",2,66.5071985561395
"21384",2,69.4658738595849
"21385",2,37.9477575416971
"21386",2,18.3010781674718
"21387",2,54.6261847229866
"21388",2,57.8537012245207
"21389",2,76.4688724313975
"21390",2,79.4854877561079
"21391",2,48.2491101741578
"21392",2,49.0544421885639
"21393",2,83.912023398066
"21394",2,31.3274343367449
"21395",2,45.3831057717233
"21396",2,32.1903111085064
"21397",2,45.072500237994
"21398",2,18.8135762508492
"21399",2,50.5432513341414
"21400",2,49.3800095461141
"21401",2,50.6396018991222
"21402",2,78.1640653383474
"21403",2,50.2740386459909
"21404",2,46.1967431224905
"21405",2,50.233973513053
"21406",2,45.0199713421157
"21407",2,55.33536165647
"21408",2,42.9750080089956
"21409",2,39.4808208742681
"21410",2,49.5686913655569
"21411",2,19.3266472654195
"21412",2,32.2670558798703
"21413",2,48.8937674078557
"21414",2,67.134676421737
"21415",2,23.5651384033644
"21416",2,57.6701177358923
"21417",2,53.0987984871026
"21418",2,61.7202741074897
"21419",2,51.8075769842856
"21420",2,26.3288416420901
"21421",2,48.4584020130398
"21422",2,39.1409100150488
"21423",2,35.7812097653769
"21424",2,30.156207934964
"21425",2,53.6919624835451
"21426",2,37.9979672813805
"21427",2,40.7190370653163
"21428",2,25.3186230768813
"21429",2,35.489799537642
"21430",2,75.958606036956
"21431",2,17.6024605544623
"21432",2,71.6564244308615
"21433",2,31.7243057332999
"21434",2,43.6375201237906
"21435",2,29.24186201572
"21436",2,39.1656434334518
"21437",2,26.7242755723552
"21438",2,30.5684014897486
"21439",2,19.7076997101333
"21440",2,68.1431061428729
"21441",2,50.7765074842048
"21442",2,32.0905854402154
"21443",2,36.4947200393063
"21444",2,49.5321093624142
"21445",2,20.2982169393522
"21446",2,48.5825354859125
"21447",2,44.818907461181
"21448",2,55.6832091114777
"21449",2,29.3532046967095
"21450",2,42.1130089595297
"21451",2,48.2469050562573
"21452",2,56.8746129093438
"21453",2,34.1496240698697
"21454",2,60.288078905053
"21455",2,57.1784356822274
"21456",2,42.5835227832107
"21457",2,21.6685736530189
"21458",2,23.3516648922739
"21459",2,29.0282163110735
"21460",2,44.547942027664
"21461",2,47.622773764108
"21462",2,40.6724692251589
"21463",2,55.4399735336377
"21464",2,49.5086064050375
"21465",2,54.8201762640582
"21466",2,51.2299711027879
"21467",2,35.0732986080041
"21468",2,43.3931682631946
"21469",2,33.6311852575802
"21470",2,27.6728625697617
"21471",2,53.6664543820605
"21472",2,29.842341873986
"21473",2,46.8310937978314
"21474",2,43.7301233519454
"21475",2,29.5668489664628
"21476",2,49.3148983699954
"21477",2,39.0024601558911
"21478",2,40.1928980699293
"21479",2,31.496505545509
"21480",2,37.8856303410578
"21481",2,44.8860978589119
"21482",2,46.7197150727358
"21483",2,31.5833026950395
"21484",2,30.9199005110346
"21485",2,55.1369647960077
"21486",2,35.3661680277916
"21487",2,41.5357782902462
"21488",2,31.3819149459121
"21489",2,29.0728392169317
"21490",2,45.3777349730916
"21491",2,33.917740029998
"21492",2,40.495509741279
"21493",2,53.8455694404913
"21494",2,45.7033218695053
"21495",2,36.3898087282346
"21496",2,34.0479281030444
"21497",2,54.0161542701869
"21498",2,63.5182229170704
"21499",2,44.8732848907283
"21500",2,20.2340231774037
"21501",2,66.8472468972143
"21502",2,27.2678097090638
"21503",2,41.861233754144
"21504",2,73.0162178681863
"21505",2,39.5275933020264
"21506",2,50.0029326330903
"21507",2,23.2307028789565
"21508",2,46.793347947561
"21509",2,37.9687164357559
"21510",2,16.7129590257357
"21511",2,42.8417843968177
"21512",2,24.1541816460331
"21513",2,37.6455568895829
"21514",2,52.5228042081003
"21515",2,56.6107912385952
"21516",2,38.6238960799406
"21517",2,37.8686299127505
"21518",2,32.9520152393123
"21519",2,31.48104309652
"21520",2,29.4210387090471
"21521",2,29.3676308848975
"21522",2,21.4516819068694
"21523",2,35.0829833859588
"21524",2,39.3328035164746
"21525",2,47.7301180791958
"21526",2,40.6966372527903
"21527",2,54.2472544468663
"21528",2,21.9409462222884
"21529",2,44.8180142464288
"21530",2,35.1849807315616
"21531",2,32.1886374167777
"21532",2,40.5571029517395
"21533",2,35.6514952185841
"21534",2,39.7083800541088
"21535",2,42.1355131083315
"21536",2,34.3605198536307
"21537",2,28.6887479003476
"21538",2,46.865354971057
"21539",2,47.7355234850581
"21540",2,43.7812351132399
"21541",2,46.5602477568817
"21542",2,42.8622310496845
"21543",2,27.5409278917323
"21544",2,45.7343480573953
"21545",2,64.3297010000327
"21546",2,41.3401113524358
"21547",2,28.4831730261718
"21548",2,27.4294946137444
"21549",2,29.9173577795599
"21550",2,50.6361181921762
"21551",2,34.2773802816421
"21552",2,33.687457936682
"21553",2,51.7075381339174
"21554",2,36.4860405983207
"21555",2,49.0721668298287
"21556",2,29.8959686177897
"21557",2,33.6697766702132
"21558",2,69.0428384061034
"21559",2,25.3822476279153
"21560",2,52.482888109537
"21561",2,37.7343907406371
"21562",2,45.9307706826519
"21563",2,66.5025230303607
"21564",2,42.5947896965261
"21565",2,36.203117189303
"21566",2,30.0460410034999
"21567",2,33.8212986564579
"21568",2,41.528766017461
"21569",2,38.2947416670415
"21570",2,24.7840186865873
"21571",2,46.9775200162227
"21572",2,39.6711543370852
"21573",2,39.405667269077
"21574",2,58.8476297024839
"21575",2,33.4045982123318
"21576",2,50.1892905621898
"21577",2,49.6551986283286
"21578",2,52.6789900375317
"21579",2,52.0736523184312
"21580",2,33.4684770371216
"21581",2,42.4191266535282
"21582",2,42.4920940994708
"21583",2,54.3616787718149
"21584",2,36.7469359708599
"21585",2,29.9330230152677
"21586",2,53.1410768096659
"21587",2,47.7012941814296
"21588",2,42.2969972228601
"21589",2,31.2876690124672
"21590",2,47.0884719957069
"21591",2,31.287573257552
"21592",2,58.1605614718562
"21593",2,60.2381190534792
"21594",2,52.7849697523469
"21595",2,44.3106812771144
"21596",2,40.3920166105025
"21597",2,32.1257822365543
"21598",2,31.8910150613605
"21599",2,38.4380187957913
"21600",2,67.539197485105
"21601",2,59.8203627816755
"21602",2,62.8277922622297
"21603",2,41.493767890306
"21604",2,37.6717030767825
"21605",2,37.5143643215438
"21606",2,33.8550586386137
"21607",2,58.5029922464901
"21608",2,34.5534708056952
"21609",2,40.8289910835296
"21610",2,45.0310804200421
"21611",2,44.9807358129712
"21612",2,43.454227361617
"21613",2,31.3036591998523
"21614",2,40.0123248077953
"21615",2,28.1919190221491
"21616",2,35.4067424712743
"21617",2,67.7593139941938
"21618",2,36.7035497529226
"21619",2,29.4222671629974
"21620",2,37.5375177552633
"21621",2,27.5757870945229
"21622",2,53.3047223883914
"21623",2,43.4833671610297
"21624",2,27.4340503787796
"21625",2,42.5685410299324
"21626",2,36.7088792813132
"21627",2,46.4727796647425
"21628",2,42.8255149778137
"21629",2,20.0349423553861
"21630",2,20.5824779599159
"21631",2,42.0797453132361
"21632",2,46.0532871184089
"21633",2,20.1288760917587
"21634",2,29.2244276466812
"21635",2,33.989592794449
"21636",2,56.0467863263411
"21637",2,70.3715860966797
"21638",2,16.9447269624827
"21639",2,36.055018555733
"21640",2,62.9112577500236
"21641",2,43.6180708801061
"21642",2,40.1545399423851
"21643",2,57.314011841147
"21644",2,41.1106572789413
"21645",2,44.905060958691
"21646",2,24.5319587397472
"21647",2,43.6691064131852
"21648",2,61.5323962104471
"21649",2,62.4984721897137
"21650",2,35.3349644929721
"21651",2,31.7709785011624
"21652",2,43.3711045565707
"21653",2,45.1070422664342
"21654",2,41.2509224197494
"21655",2,45.2152475270589
"21656",2,42.7374526334008
"21657",2,40.0168631099949
"21658",2,48.8838211912368
"21659",2,48.0566524077494
"21660",2,47.650272017275
"21661",2,39.2019437111631
"21662",2,46.4353004360106
"21663",2,35.1384442402875
"21664",2,38.808620630705
"21665",2,41.6305933419305
"21666",2,45.7131861931452
"21667",2,48.2795224442197
"21668",2,51.6587248480479
"21669",2,34.7365389986334
"21670",2,30.0680770028331
"21671",2,39.1591077832087
"21672",2,44.5912328420484
"21673",2,29.057937712568
"21674",2,58.2428958011802
"21675",2,28.0086707065336
"21676",2,47.7775004898278
"21677",2,22.8468237442513
"21678",2,27.2583980048588
"21679",2,66.5206111055431
"21680",2,35.5332990056339
"21681",2,34.242116056581
"21682",2,29.1021122756341
"21683",2,41.5878063073065
"21684",2,34.2923452325287
"21685",2,47.4979272221175
"21686",2,30.1156020209915
"21687",2,32.1306625623402
"21688",2,21.9928866305707
"21689",2,21.177997151641
"21690",2,29.909737641771
"21691",2,49.0900508369388
"21692",2,52.2583236673994
"21693",2,40.4634627130373
"21694",2,37.4400442898291
"21695",2,64.0644690833702
"21696",2,34.0876572221397
"21697",2,52.945072864443
"21698",2,40.8698187650374
"21699",2,45.769013466522
"21700",2,44.0957102554791
"21701",2,65.5745591843091
"21702",2,47.2250727142042
"21703",2,47.4350224867256
"21704",2,47.1010418492399
"21705",2,37.3710053211978
"21706",2,29.3085346823919
"21707",2,32.1168334472096
"21708",2,32.0657575615918
"21709",2,35.6765477950399
"21710",2,45.640094637885
"21711",2,43.3098264435562
"21712",2,46.7577209627828
"21713",2,43.8068846327964
"21714",2,21.7562605325795
"21715",2,36.28422403253
"21716",2,38.1098719555982
"21717",2,48.8694177150126
"21718",2,46.7346915216765
"21719",2,29.6900639174447
"21720",2,26.4012995121434
"21721",2,35.6443646919612
"21722",2,58.9594811755727
"21723",2,40.7616372628666
"21724",2,35.1356102956089
"21725",2,78.9590748576723
"21726",2,28.7791360536835
"21727",2,42.7109827750627
"21728",2,38.724233846891
"21729",2,29.82154801953
"21730",2,33.0596828384203
"21731",2,57.087291360592
"21732",2,45.3834898260528
"21733",2,56.5225967905501
"21734",2,40.2685795295069
"21735",2,67.6056464672211
"21736",2,35.3623923424699
"21737",2,42.6145012215953
"21738",2,48.7061805323001
"21739",2,30.2760298762801
"21740",2,30.2847491619421
"21911",2,41.0125634432708
"21912",2,27.6664780375971
"21913",2,58.1855095527733
"21914",2,35.4072519686052
"21915",2,37.47029024651
"21916",2,47.0725709381168
"21917",2,25.6754334784457
"21918",2,27.2619382226466
"21919",2,71.3355257605913
"21920",2,51.6791650184275
"21921",2,27.2243091853914
"21922",2,35.8129394781579
"21923",2,49.6557629971939
"21924",2,33.0938900494289
"21925",2,41.2512122705791
"21926",2,38.0603992112944
"21927",2,47.777342291207
"21928",2,69.9897430259135
"21929",2,39.0926210975227
"21930",2,74.8655361568205
"21931",2,16.697150540706
"21932",2,40.1406071186837
"21933",2,31.6900824943119
"21934",2,13.9000184866793
"21935",2,40.3586905186616
"21936",2,46.3138264530578
"21937",2,43.6918848560961
"21938",2,52.3986962889111
"21939",2,42.5067293266431
"21940",2,33.4933365642782
"21941",2,45.9764530295274
"21942",2,26.2617973969107
"21943",2,31.3284266552396
"21944",2,27.7167478336008
"21945",2,38.7126355425908
"21946",2,47.3041603967482
"21947",2,15.5788480095366
"21948",2,32.2192109679643
"21949",2,32.2549453712618
"21950",2,15.8873044439601
"21951",2,49.562598393956
"21952",2,45.8085123486605
"21953",2,47.9750348080267
"21954",2,44.9658510822514
"21955",2,41.6264289209061
"21956",2,34.3920593286437
"21957",2,67.5827966729221
"21958",2,28.6166446877681
"21959",2,33.624223529564
"21960",2,57.6594278419487
"21961",2,54.3389111355523
"21962",2,44.027165549423
"21963",2,45.5364035422292
"21964",2,25.1613553201266
"21965",2,47.1106827257162
"21966",2,42.1140522432367
"21967",2,35.2083102894718
"21968",2,34.7392702181206
"21969",2,50.800850210349
"21970",2,29.1147155187132
"21971",2,42.716379186818
"21972",2,25.221752396885
"21973",2,17.2617850664855
"21974",2,44.7335834355939
"21975",2,47.4239610171576
"21976",2,37.6886544758514
"21977",2,50.7176097928404
"21978",2,44.1256020189741
"21979",2,40.8305473106984
"21980",2,34.4235071805276
"21981",2,31.8339012471042
"21982",2,52.2374770997237
"21983",2,23.5110596840242
"21984",2,32.9067454111786
"21985",2,21.8627059052889
"21986",2,38.4363019302382
"21987",2,49.4253076340457
"21988",2,44.4029248772165
"21989",2,30.3983076719311
"21990",2,44.1219967781265
"21991",2,49.4550223471803
"21992",2,36.1644429017986
"21993",2,51.1290397046685
"21994",2,35.3710195000667
"21995",2,30.1282250984863
"21996",2,43.8622227724153
"21997",2,25.5312887708039
"21998",2,31.7188038951606
"21999",2,25.3730803255786
"22000",2,11.424408050992
"22001",2,41.4065289909496
"22002",2,24.6964918787551
"22003",2,31.019727042403
"22004",2,38.700212779101
"22005",2,46.5528078576338
"22006",2,50.858887755005
"22007",2,41.3835058294701
"22008",2,35.9767565710805
"22009",2,34.7692345188411
"22010",2,38.214578291509
"22011",2,32.2229977837022
"22012",2,42.513374223472
"22013",2,36.7298180079993
"22014",2,58.3737326525773
"22015",2,28.8550547579521
"22016",2,21.6982804459968
"22017",2,75.192155849719
"22018",2,25.775040893804
"22019",2,41.4544826618711
"22020",2,32.7608588224418
"22021",2,63.1418274688022
"22022",2,57.3286806110957
"22023",2,29.3854333529331
"22024",2,25.4661835353786
"22025",2,25.1240156511513
"22026",2,55.1282506775329
"22027",2,21.3875002278332
"22028",2,56.412616382099
"22029",2,35.5016475481964
"22030",2,31.5374817464944
"22031",2,41.3039893116616
"22032",2,21.2763542491221
"22033",2,29.5272477328713
"22034",2,40.4642488783821
"22035",2,34.8188597121447
"22036",2,43.955793967818
"22037",2,54.8261737768592
"22038",2,55.9235597661254
"22039",2,36.0425284432029
"22040",2,50.0703770712213
"22041",2,41.3979728734262
"22042",2,47.2380860784202
"22043",2,43.8777427739151
"22044",2,32.3206788418377
"22045",2,54.5482237247775
"22046",2,26.2980671505515
"22047",2,32.0097791491112
"22048",2,42.5565624960888
"22049",2,57.4379910918863
"22050",2,39.869842992625
"22051",2,35.8101867689877
"22052",2,23.8352114593255
"22053",2,46.1557692091533
"22054",2,44.5514926970872
"22055",2,31.3779701925604
"22056",2,20.5833000663449
"22057",2,31.4235602754965
"22058",2,17.741358855188
"22059",2,57.42713638454
"22060",2,21.7339401165499
"22061",2,33.9784310998772
"22062",2,60.4740965173869
"22063",2,54.7303973541875
"22064",2,35.6671522911098
"22065",2,34.6957709769527
"22066",2,47.2801311734171
"22067",2,68.6855981954563
"22068",2,50.5469651097628
"22069",2,38.0449643423671
"22070",2,26.4121159352231
"22071",2,51.9721945906176
"22072",2,58.8563764922634
"22073",2,38.5119127496328
"22074",2,27.5604494138403
"22075",2,25.0366556746374
"22076",2,19.7941765669238
"22077",2,30.1451293861205
"22078",2,31.4703547275352
"22079",2,33.9351566731357
"22080",2,29.4807222829394
"22336",2,20.7237231547169
"22337",2,27.9666995765998
"22338",2,54.6461895886134
"22339",2,35.7987004975798
"22340",2,66.7643130939778
"22341",2,71.670249203951
"22342",2,59.3145848676448
"22343",2,36.0855327269801
"22344",2,24.4032503241075
"22345",2,45.1437621157365
"22346",2,26.5286549992411
"22347",2,31.8021767684847
"22348",2,43.0838020986898
"22349",2,54.1555919453057
"22350",2,42.5428961295054
"22351",2,50.0752291870323
"22352",2,54.0001644563228
"22353",2,69.0125365239281
"22354",2,42.4235187438093
"22355",2,36.8106976276081
"22356",2,54.9585839125765
"22357",2,39.980514961706
"22358",2,29.4759774537217
"22359",2,44.6028403697672
"22360",2,39.028370986159
"22361",2,33.580648383243
"22362",2,42.6051214888915
"22363",2,49.1854619475795
"22364",2,110.51803754167
"22365",2,30.3195654089669
"22366",2,37.378209297785
"22367",2,21.958775393964
"22368",2,28.9580263788725
"22369",2,30.2557313546193
"22370",2,36.3083707186346
"22371",2,34.6743338712169
"22372",2,42.1010119659324
"22373",2,30.1827213596688
"22374",2,70.55855979736
"22375",2,26.585787300899
"22376",2,45.4239514054171
"22377",2,52.3376345148596
"22378",2,36.3578252557344
"22379",2,73.1616751179191
"22380",2,39.7001653543715
"22381",2,32.7838373398026
"22382",2,28.6169577848912
"22383",2,25.5321099319272
"22384",2,31.0758680806884
"22385",2,51.6922883691887
"22386",2,27.4120952709828
"22387",2,45.0785906773437
"22388",2,54.3206520917593
"22389",2,44.9244133907755
"22390",2,47.8501003277029
"22391",2,53.9566280140434
"22392",2,46.8791217570259
"22393",2,46.8496706780777
"22394",2,43.1286553276294
"22395",2,51.8061683324629
"22396",2,37.7654896532684
"22397",2,23.3237617740564
"22398",2,52.1898625031486
"22399",2,46.8601428254423
"22400",2,38.7818956154781
"22401",2,33.4934945890874
"22402",2,41.2127632619139
"22403",2,48.887221690634
"22404",2,68.62376662453
"22405",2,19.4081056663591
"22406",2,33.3699785654837
"22407",2,36.6539391009033
"22408",2,55.0741562657909
"22409",2,26.7023596851624
"22410",2,29.3383635378653
"22411",2,34.9394530125098
"22412",2,44.5125874882581
"22413",2,43.0636872810406
"22414",2,52.9408410571805
"22415",2,17.6930882242652
"22416",2,34.5668795987582
"22417",2,51.8322596147499
"22418",2,62.6468415946088
"22419",2,52.1682973094327
"22420",2,29.4288437625234
"22591",2,32.5475439523454
"22592",2,20.4481598120762
"22593",2,22.4506792102709
"22594",2,22.77422624452
"22595",2,30.8220437301863
"22596",2,45.9713880899003
"22597",2,48.9978481929011
"22598",2,41.782033314644
"22599",2,17.9239298037733
"22600",2,53.8686929848552
"22601",2,22.4123408969718
"22602",2,25.9724919466986
"22603",2,62.2881408626896
"22604",2,30.2924594005112
"22605",2,29.0797431187965
"22606",2,56.8547473016448
"22607",2,59.8145773655372
"22608",2,41.3511299354478
"22609",2,57.4686481506525
"22610",2,58.1211683554763
"22611",2,47.0901998679416
"22612",2,44.6526815042248
"22613",2,48.5831853817067
"22614",2,68.0854477289618
"22615",2,45.7368384032541
"22616",2,70.5835365123163
"22617",2,26.9672365607464
"22618",2,25.3971604246292
"22619",2,78.3857934855107
"22620",2,33.5879029140944
"22621",2,36.7099882469461
"22622",2,43.2569549275003
"22623",2,40.8360720636694
"22624",2,42.5973230689812
"22625",2,74.6911556543545
"22626",2,33.1126002566691
"22627",2,30.1471586914603
"22628",2,31.0369785739786
"22629",2,57.1712121490402
"22630",2,73.3167675709503
"22631",2,45.1754881250859
"22632",2,24.7877629984628
"22633",2,28.2491776200605
"22634",2,46.7770182431832
"22635",2,35.9179039292731
"22636",2,26.193170911222
"22637",2,50.534084646937
"22638",2,22.9177230452889
"22639",2,51.5252950780716
"22640",2,25.7327802148164
"22641",2,79.8964812259761
"22642",2,51.3654665965481
"22643",2,46.6005431628903
"22644",2,34.9086933408677
"22645",2,50.4216371580377
"22646",2,33.9218937651971
"22647",2,40.0570775789317
"22648",2,18.8866684441865
"22649",2,38.0945399613443
"22650",2,66.3152465838252
"22651",2,57.2920796264734
"22652",2,35.4684174727913
"22653",2,60.9640565228403
"22654",2,63.2670601911464
"22655",2,56.0100859426746
"22656",2,70.1163242167402
"22657",2,55.502409835898
"22658",2,23.2950586906113
"22659",2,73.4186359883672
"22660",2,40.1762254303208
"22661",2,37.8969741184904
"22662",2,40.7725772221996
"22663",2,34.231221646439
"22664",2,27.6059716229805
"22665",2,13.3943812250482
"22666",2,24.4670846483635
"22667",2,54.1836524772722
"22668",2,25.1562870512915
"22669",2,46.4940282248255
"22670",2,40.0460172134146
"22671",2,52.1176813320464
"22672",2,40.0769877340696
"22673",2,34.5789961796367
"22674",2,34.5351428405825
"22675",2,35.02215213952
"22676",2,22.5901961758171
"22677",2,26.4629520501967
"22678",2,27.1202636103066
"22679",2,53.5971703630506
"22680",2,60.4293142959637
"22681",2,35.2106310508638
"22682",2,33.4903100039724
"22683",2,47.5984938627428
"22684",2,45.7507282313048
"22685",2,62.4994796587251
"22686",2,31.001730553096
"22687",2,29.228514147911
"22688",2,32.5299927208023
"22689",2,36.7629803507548
"22690",2,47.5434635280069
"22691",2,46.4998232201582
"22692",2,25.6934178105772
"22693",2,37.7984781733176
"22694",2,29.8967978446941
"22695",2,31.7791127156915
"22696",2,44.0102411357258
"22697",2,32.0746334001721
"22698",2,24.7429593634576
"22699",2,25.5302676569682
"22700",2,44.6706100982022
"22701",2,21.6601930069614
"22702",2,44.74826174018
"22703",2,18.1467306748989
"22704",2,53.8148315069007
"22705",2,31.2897619762453
"22706",2,37.6243256274837
"22707",2,50.4029693166178
"22708",2,32.4061040536157
"22709",2,72.0534756573105
"22710",2,33.2590974132092
"22711",2,25.1589590412911
"22712",2,45.5732656310597
"22713",2,27.0997617774067
"22714",2,37.5579107019642
"22715",2,16.0394752260177
"22716",2,38.4671148463659
"22717",2,22.7664686883201
"22718",2,25.7076115657194
"22719",2,26.7481978415215
"22720",2,55.2140067597829
"22721",2,40.1820882477574
"22722",2,52.9849337222498
"22723",2,46.0225386708383
"22724",2,34.2291963023542
"22725",2,63.625792454618
"22726",2,41.7263269649166
"22727",2,19.2065032128905
"22728",2,48.1807314571237
"22729",2,55.2799210558425
"22730",2,26.3302117381738
"22731",2,27.4507054621539
"22732",2,26.5726674674937
"22733",2,44.130673121453
"22734",2,36.6130743970595
"22735",2,24.483859542192
"22736",2,28.6944708132057
"22737",2,20.9445765199965
"22738",2,63.675629268203
"22739",2,35.5538946916623
"22740",2,32.5061494863075
"22741",2,41.9435593655772
"22742",2,40.0098136055334
"22743",2,41.8739663111764
"22744",2,26.2309698875873
"22745",2,39.4647733653502
"22746",2,57.6967738343542
"22747",2,32.313038884035
"22748",2,36.728394435506
"22749",2,29.5939544870697
"22750",2,39.8223860787857
"22751",2,40.0173513511581
"22752",2,35.2671279180948
"22753",2,32.9368420814123
"22754",2,57.1435834316913
"22755",2,38.5628516551184
"22756",2,46.8573515675592
"22757",2,62.6010912908656
"22758",2,31.2149864261314
"22759",2,47.3948542547198
"22760",2,33.3808879416826
"23101",2,128.972546040259
"23102",2,32.7053966839196
"23103",2,36.6806950536799
"23104",2,50.8456997564115
"23105",2,44.4871364506813
"23106",2,30.4503845124963
"23107",2,48.0125342148656
"23108",2,36.7502911194075
"23109",2,35.4070790148116
"23110",2,25.455728751852
"23111",2,31.2799691787496
"23112",2,70.2359680318989
"23113",2,29.3973403179371
"23114",2,38.7683912495347
"23115",2,25.7454257837007
"23116",2,30.8563087816517
"23117",2,63.8958503494434
"23118",2,52.0890089963469
"23119",2,41.0532617387817
"23120",2,38.5655828272253
"23121",2,24.2629415529451
"23122",2,45.5811812129226
"23123",2,63.9053441253598
"23124",2,41.1624160722362
"23125",2,34.8889537067453
"23126",2,29.545570309805
"23127",2,43.5568860949725
"23128",2,41.502317077009
"23129",2,27.9815597741998
"23130",2,75.5510981935592
"23131",2,30.5035390869421
"23132",2,32.0530690325236
"23133",2,26.4713873589392
"23134",2,30.4810178750514
"23135",2,42.8189168578383
"23136",2,39.7605125072903
"23137",2,21.4145261110202
"23138",2,59.5304690291368
"23139",2,40.5491872756308
"23140",2,32.8790314543925
"23141",2,37.5196269707226
"23142",2,51.3429482851003
"23143",2,33.6714246661058
"23144",2,43.8744131494694
"23145",2,44.9261117854191
"23146",2,47.9858557863984
"23147",2,43.8459410111196
"23148",2,43.2814330812601
"23149",2,56.3585887453855
"23150",2,45.7760099527572
"23151",2,40.9671559723682
"23152",2,51.5369135323821
"23153",2,41.5678826661936
"23154",2,31.0629216483625
"23155",2,44.5912328958549
"23156",2,50.0851903058166
"23157",2,33.0999322451085
"23158",2,44.7622531973639
"23159",2,19.8312526326272
"23160",2,51.2683691106921
"23161",2,46.9911234721141
"23162",2,42.3819208394107
"23163",2,33.8354579121714
"23164",2,22.8868759809517
"23165",2,50.8506436463741
"23166",2,30.5242713378913
"23167",2,63.8752323198646
"23168",2,38.1135086367739
"23169",2,34.4709457413108
"23170",2,40.4846655816874
"23171",2,19.7638632977176
"23172",2,28.1478140571181
"23173",2,50.5265539685791
"23174",2,53.0994961391863
"23175",2,42.6564824371205
"23176",2,50.108366487585
"23177",2,42.5990519036411
"23178",2,37.6624855641779
"23179",2,37.3197563025206
"23180",2,32.8049393703895
"23181",2,43.067905172896
"23182",2,42.7841784738968
"23183",2,22.1848919970521
"23184",2,24.838039484803
"23185",2,44.3218966952687
"23441",2,26.1472317990203
"23442",2,26.5801361092537
"23443",2,25.085855005232
"23444",2,21.7182457465027
"23445",2,40.2113188078556
"23446",2,26.0662538046316
"23447",2,45.9546957036484
"23448",2,59.0466552953742
"23449",2,32.7530869072978
"23450",2,26.601191053725
"23451",2,45.0683297976507
"23452",2,30.3709320086907
"23453",2,60.4736402672857
"23454",2,24.7599218642548
"23455",2,43.2800933137018
"23456",2,45.0431053496452
"23457",2,31.9325009537193
"23458",2,34.5015975466074
"23459",2,50.5000430217723
"23460",2,29.3337365797475
"23461",2,30.4615385374615
"23462",2,33.2738093992394
"23463",2,24.7906180570687
"23464",2,37.1819287886718
"23465",2,43.4899137465083
"23466",2,31.2652754030182
"23467",2,27.0986392626013
"23468",2,45.2738097598303
"23469",2,35.8350459811573
"23470",2,38.8618350711551
"23471",2,40.6597915280639
"23472",2,37.5955781059148
"23473",2,42.85201245425
"23474",2,21.487255112771
"23475",2,20.502414686476
"23476",2,32.3462468259415
"23477",2,31.4801761608865
"23478",2,36.8228526326047
"23479",2,49.9279512737289
"23480",2,35.9573445817007
"23481",2,36.8814239750974
"23482",2,52.5170385076522
"23483",2,48.4644761511318
"23484",2,42.0574123260658
"23485",2,37.1457940748657
"23486",2,54.8319864519061
"23487",2,38.0357059312708
"23488",2,81.3351499248866
"23489",2,61.9044713096962
"23490",2,36.7130277427591
"23491",2,32.873219060138
"23492",2,55.9813863262876
"23493",2,35.630779803071
"23494",2,22.2854161178977
"23495",2,31.5977821971256
"23496",2,74.8142775543145
"23497",2,61.1363105834311
"23498",2,29.8543518366591
"23499",2,33.3675320349511
"23500",2,38.9711105769823
"23501",2,50.8986209578937
"23502",2,38.8202504490936
"23503",2,49.0427903342314
"23504",2,38.3341197799149
"23505",2,46.5204655277857
"23506",2,47.5346927581911
"23507",2,46.852937229368
"23508",2,48.6906332161286
"23509",2,37.7878183445554
"23510",2,23.1980339973843
"23511",2,50.2459920530393
"23512",2,46.7426319307471
"23513",2,28.7741306050213
"23514",2,41.7674020738696
"23515",2,39.9759779593219
"23516",2,39.9624396405061
"23517",2,42.1958442964745
"23518",2,44.7832040599839
"23519",2,31.0155320135889
"23520",2,54.4687469810518
"23521",2,35.5619823330274
"23522",2,41.3082274901472
"23523",2,28.2781082588377
"23524",2,25.5298121823347
"23525",2,42.2567864035849
"346",3,43.9247367655283
"347",3,35.3416227680586
"348",3,30.8286262868748
"349",3,40.1880981333828
"350",3,57.9567269107185
"351",3,21.3004947913666
"352",3,37.076426005691
"353",3,44.1643930280274
"354",3,31.6992749718556
"355",3,47.2539805960589
"356",3,48.3934912377393
"357",3,42.1233000623899
"358",3,17.7136168553096
"359",3,88.8303981677896
"360",3,39.8602089951198
"361",3,52.043816527088
"362",3,46.3835938955846
"363",3,58.1212595227636
"364",3,54.6927508192261
"365",3,39.8023849856707
"366",3,47.9021816569596
"367",3,31.1347643596133
"368",3,55.3314812117259
"369",3,36.6658733975326
"370",3,85.3299774276836
"371",3,24.2089912114336
"372",3,36.6301696602611
"373",3,54.817921447296
"374",3,49.8729329368581
"375",3,35.134201031822
"376",3,30.5864754019384
"377",3,44.5518147910573
"378",3,42.3748649967663
"379",3,22.9903942607627
"380",3,43.0362826564257
"381",3,45.1939336939473
"382",3,44.9756034945025
"383",3,29.973553698576
"384",3,49.3596718048343
"385",3,64.3377510105181
"386",3,49.0610865810377
"387",3,29.1405365760485
"388",3,36.9743709041728
"389",3,47.4320040248403
"390",3,34.4631826995033
"391",3,19.994056026552
"392",3,55.7792143081242
"393",3,32.3986144823504
"394",3,35.3214635859237
"395",3,66.6497846888522
"396",3,33.014940410711
"397",3,55.1488744836599
"398",3,27.8811900583342
"399",3,37.9724102708691
"400",3,41.5827618606352
"401",3,28.8036900344398
"402",3,34.6057346935045
"403",3,42.1795473114044
"404",3,52.3492501708176
"405",3,24.2134728797207
"406",3,38.0319413735128
"407",3,53.706972472353
"408",3,35.7327496502657
"409",3,45.7189659947408
"410",3,49.6021703828644
"411",3,46.2983802055148
"412",3,52.0760860627619
"413",3,40.9338678003193
"414",3,37.2427993674475
"415",3,16.4940912382141
"416",3,41.3259600106842
"417",3,48.6736100175816
"418",3,50.256856868175
"419",3,35.5373989227407
"420",3,71.9433190292591
"421",3,46.5658231114267
"422",3,44.2988087838765
"423",3,62.4224641442018
"424",3,33.6437643707472
"425",3,36.7956335664472
"426",3,84.8998023261149
"427",3,42.7182799817453
"428",3,69.1041278016395
"429",3,26.1607641989706
"430",3,40.050850040866
"431",3,47.9059510417999
"432",3,46.7623979849295
"433",3,30.4926839763668
"434",3,42.8284689505098
"435",3,29.7401879531651
"436",3,53.0115367197724
"437",3,59.1450486978805
"438",3,19.4781220732556
"439",3,61.7731218380739
"440",3,28.0761832993359
"441",3,49.0391218126293
"442",3,52.180054782381
"443",3,39.929894384936
"444",3,34.4855462666625
"445",3,44.8435288734074
"446",3,48.8007826083679
"447",3,55.7636387823179
"448",3,20.8212615854673
"449",3,24.3401179884853
"450",3,65.2868044670626
"451",3,58.4937612974131
"452",3,48.7481535273721
"453",3,53.0507469711353
"454",3,56.3221064173389
"455",3,16.3753860529866
"456",3,59.5833635535867
"457",3,36.3766438366639
"458",3,45.7662838976087
"459",3,38.7155689044433
"460",3,55.5776025392305
"691",3,60.9194378150421
"692",3,60.9967753008262
"693",3,32.8490494920979
"694",3,25.1433387274401
"695",3,86.2544487265054
"696",3,40.415006053796
"697",3,41.2663770908297
"698",3,48.5291979349359
"699",3,24.5408170596935
"700",3,33.5329877152613
"701",3,25.2106946310916
"702",3,33.9332012201163
"703",3,44.1950890997836
"704",3,26.8649218787815
"705",3,51.0935698532469
"706",3,46.6079288076816
"707",3,31.579618060999
"708",3,45.7052112617307
"709",3,53.5739886619642
"710",3,58.7401400377785
"711",3,39.7631093286087
"712",3,41.3167643034182
"713",3,41.408323969004
"714",3,65.4906005741863
"715",3,59.8387200709119
"716",3,54.9644520743844
"717",3,38.8141785793307
"718",3,47.8297245661725
"719",3,48.2729264133485
"720",3,30.1131871469152
"721",3,23.5270606278314
"722",3,51.8976370098035
"723",3,25.3131838360934
"724",3,42.5905223374167
"725",3,46.0463848423452
"726",3,50.6920007882884
"727",3,45.1825915518133
"728",3,33.4804391722896
"729",3,57.4754368156416
"730",3,71.1399104427958
"731",3,55.7287529510735
"732",3,21.7014952684083
"733",3,64.7211686184036
"734",3,41.8155902932648
"735",3,50.0972838141937
"736",3,51.5895478394923
"737",3,41.2764811325345
"738",3,41.5600995197083
"739",3,58.0279413791224
"740",3,52.9940950402232
"741",3,57.540887970154
"742",3,84.5774121149314
"743",3,52.2507555069303
"744",3,45.4363527708635
"745",3,19.5872546644411
"746",3,91.6217145646719
"747",3,36.4044775024777
"748",3,84.3959832754402
"749",3,47.8503391923531
"750",3,67.2971307423133
"751",3,41.1047436817785
"752",3,49.8932136468344
"753",3,45.5295632850231
"754",3,40.1076722182153
"755",3,40.9642606131163
"756",3,57.921111459881
"757",3,39.9096818336102
"758",3,20.9383650723097
"759",3,39.9814878249666
"760",3,50.3238080495553
"761",3,51.5029869479174
"762",3,51.5047256763404
"763",3,23.8448215207788
"764",3,47.7636168078338
"765",3,57.1652976269175
"766",3,62.4993427347081
"767",3,39.6076662062892
"768",3,38.3796984270399
"769",3,66.3501784961284
"770",3,24.0587636067866
"771",3,36.9599382829421
"772",3,49.0794419013124
"773",3,24.507183202899
"774",3,46.4679123044795
"775",3,73.9035918723014
"776",3,42.5129618880386
"777",3,38.9265058549795
"778",3,49.3413023616523
"779",3,38.9186849281293
"780",3,54.6237872692973
"781",3,56.111592242156
"782",3,42.6041426657164
"783",3,28.722206705253
"784",3,27.3156406772437
"785",3,35.0929396987065
"786",3,54.3649540203131
"787",3,21.5820429105859
"788",3,22.1767844624394
"789",3,34.3853020748651
"790",3,48.1414145823133
"791",3,31.478228591602
"792",3,55.8202747699976
"793",3,47.2462149258327
"794",3,40.3082424784607
"795",3,54.7116854318178
"796",3,48.0524190051402
"797",3,36.8491353831512
"798",3,45.773375644778
"799",3,51.9863298906368
"800",3,47.5809113655519
"801",3,34.3364439260957
"802",3,55.3033751202511
"803",3,60.3217975196361
"804",3,46.4196599068147
"805",3,44.5466348767916
"921",3,39.7720768817193
"922",3,42.0763946827219
"923",3,47.7089617349701
"924",3,52.2624172836775
"925",3,63.2381170430004
"926",3,41.2923105347252
"927",3,45.2793079215575
"928",3,86.9292488167159
"929",3,48.6857332040904
"930",3,45.1730981515821
"931",3,27.0820461483408
"932",3,42.6063642533881
"933",3,39.6542681418502
"934",3,42.4187862720482
"935",3,35.2995793212244
"936",3,34.0051119954024
"937",3,33.6175318054775
"938",3,39.7418290107757
"939",3,64.1478478975506
"940",3,58.5355672767435
"941",3,37.904947981019
"942",3,23.8994261144227
"943",3,32.2318363118756
"944",3,36.7055891674211
"945",3,43.9843266034593
"946",3,34.2834085356546
"947",3,76.5284184537563
"948",3,39.0048420261538
"949",3,28.3469151114123
"950",3,40.6908672008228
"951",3,30.4954207062558
"952",3,44.7150968425085
"953",3,45.8092475475762
"954",3,47.5707235056111
"955",3,24.470434489261
"956",3,45.625419647001
"957",3,46.91313669388
"958",3,26.3255294452834
"959",3,56.9566117720474
"960",3,54.1521942422474
"961",3,82.7453529460887
"962",3,44.72275826992
"963",3,43.2023655048573
"964",3,43.8868635172091
"965",3,43.5176433442077
"966",3,22.4948385722606
"967",3,24.0303699628376
"968",3,41.5299032879621
"969",3,35.2330729355235
"970",3,43.3117235593778
"971",3,20.355741418171
"972",3,25.5966171254926
"973",3,29.4910331732282
"974",3,57.470271416368
"975",3,29.5219441822411
"976",3,32.7313074455493
"977",3,43.6565260113785
"978",3,38.3690075994678
"979",3,44.5789257711569
"980",3,82.8641692900906
"981",3,29.2530900352802
"982",3,38.5857674616861
"983",3,35.9955237273362
"984",3,66.8086246166693
"985",3,33.0672361124383
"986",3,41.4696065178766
"987",3,54.1998608335761
"988",3,29.9362405513969
"989",3,69.5193353200846
"990",3,52.4288082055117
"991",3,29.7735843217495
"992",3,49.0362559528264
"993",3,39.7572127301049
"994",3,46.9534263028423
"995",3,41.3651744859474
"996",3,58.9009884349315
"997",3,26.9962915157063
"998",3,35.9255833530451
"999",3,39.2980675075082
"1000",3,30.59688930175
"1001",3,30.1312022402415
"1002",3,42.3254454704148
"1003",3,40.8097481410466
"1004",3,17.1313515514503
"1005",3,58.3908531457915
"1006",3,46.0389194885305
"1007",3,85.3173538714199
"1008",3,52.5772114753566
"1009",3,36.8366857226749
"1010",3,94.1258646456752
"1011",3,94.9619171717899
"1012",3,28.2991498384104
"1013",3,49.2529540275224
"1014",3,39.7836924628711
"1015",3,45.1491011476764
"1016",3,45.7225340721026
"1017",3,27.8691334412328
"1018",3,46.5537883986138
"1019",3,71.3479306501631
"1020",3,40.3933180269033
"1021",3,40.4084421949223
"1022",3,64.7028022692146
"1023",3,56.0119954904515
"1024",3,24.231783461001
"1025",3,45.7369651791764
"1026",3,69.487978205229
"1027",3,65.0088116166008
"1028",3,48.5199496348991
"1029",3,53.1465588423323
"1030",3,28.517820094489
"1031",3,46.763743197792
"1032",3,31.03775988919
"1033",3,36.7024675889692
"1034",3,56.6276431235869
"1035",3,29.1271900802242
"1036",3,46.2852197957166
"1037",3,48.6445456168008
"1038",3,43.3141232032322
"1039",3,72.7893764207801
"1040",3,30.3162689113069
"1041",3,51.3430176819386
"1042",3,41.3789931699399
"1043",3,39.1499438437834
"1044",3,49.1788042491026
"1045",3,30.3367814327622
"1046",3,27.3621990122541
"1047",3,36.2624590970868
"1048",3,71.3971847795014
"1049",3,43.3257888084841
"1050",3,47.2180204796888
"1051",3,40.0595085073811
"1052",3,49.274892702759
"1053",3,31.0674530864462
"1054",3,60.408329716803
"1055",3,51.0122349925613
"1056",3,32.6540415070213
"1057",3,43.309216863094
"1058",3,53.0690233297663
"1059",3,50.5979754054059
"1060",3,66.2403032522385
"1061",3,34.8590424569753
"1062",3,59.6844039778325
"1063",3,58.3225151947537
"1064",3,40.4142103229393
"1065",3,30.808185346173
"1066",3,29.6185949411546
"1067",3,49.0843080102949
"1068",3,41.6150255021773
"1069",3,71.9354195831296
"1070",3,50.2528818548198
"1071",3,37.7566192535466
"1072",3,30.2826265903048
"1073",3,35.2173795876227
"1074",3,47.3850426026931
"1075",3,36.7883965087867
"1076",3,49.9350510553842
"1077",3,38.2240736955702
"1078",3,41.159414271232
"1079",3,33.507009587685
"1080",3,74.4519527309031
"1081",3,47.2353142822883
"1082",3,45.7665232149032
"1083",3,23.8469307350558
"1084",3,52.1783209077225
"1085",3,30.3028266661718
"1086",3,31.7176320320446
"1087",3,56.3414067384892
"1088",3,36.766959427587
"1089",3,23.3522826671442
"1090",3,71.7540426728006
"1091",3,18.3471970489676
"1092",3,50.8292744193771
"1093",3,57.9956915690817
"1094",3,34.6496440709908
"1095",3,48.8823978304175
"1096",3,48.805431893627
"1097",3,58.3916971908857
"1098",3,49.4795849291587
"1099",3,39.3529706808451
"1100",3,56.302536158251
"1101",3,54.4172609799103
"1102",3,31.2298348834339
"1103",3,26.518944985928
"1104",3,44.7728222608926
"1105",3,38.9833697453448
"1106",3,30.7058444608276
"1107",3,43.7123596556832
"1108",3,27.2983219848693
"1109",3,44.7861178370952
"1110",3,34.7198774097845
"1111",3,56.986621229754
"1112",3,85.5022025956404
"1113",3,31.4521021560378
"1114",3,58.681637322468
"1115",3,54.8141872908548
"1116",3,41.6274151196321
"1117",3,36.7554832054691
"1118",3,67.9934753670753
"1119",3,21.1975985518143
"1120",3,34.5077755437694
"1121",3,26.1764820553499
"1122",3,64.6432291944133
"1123",3,40.0484390324703
"1124",3,35.901074482481
"1125",3,103.705244573585
"1126",3,41.8958844298163
"1127",3,36.8757120106944
"1128",3,46.7598919906689
"1129",3,24.9544252269665
"1130",3,49.5731081345088
"1131",3,41.2833866145724
"1132",3,49.2453438014031
"1133",3,30.7395507114935
"1134",3,30.3095642668379
"1135",3,33.9295387963808
"1136",3,33.0840301614612
"1137",3,62.9010967581218
"1138",3,68.0662406086689
"1139",3,40.4869673652011
"1140",3,37.917837786686
"1141",3,38.2902815134387
"1142",3,43.5103731856197
"1143",3,43.8912605042743
"1144",3,46.6178889908823
"1145",3,33.3240476029297
"1146",3,32.2063554967314
"1147",3,61.0928153631086
"1148",3,35.6161958252504
"1149",3,46.8058994678857
"1150",3,41.8033987607473
"1151",3,31.0013290247158
"1152",3,51.1102143621573
"1153",3,44.9528131636228
"1154",3,64.7249582217852
"1155",3,44.175801572099
"1156",3,38.2589498354424
"1157",3,46.4487274713201
"1158",3,28.6322192224105
"1159",3,32.3276954891654
"1160",3,49.875065046663
"1161",3,38.2392732229969
"1162",3,41.68369360251
"1163",3,41.0322277215168
"1164",3,34.4230710247302
"1165",3,21.0908743037685
"1166",3,47.4719245152612
"1167",3,53.7906850431217
"1168",3,27.604576143125
"1169",3,66.2490214346813
"1170",3,48.0050845064389
"1171",3,63.6676501118977
"1172",3,31.0086001432286
"1173",3,44.8640160997318
"1174",3,41.2325500505059
"1175",3,53.9006933116165
"1176",3,35.2943738318948
"1177",3,42.4315606144828
"1178",3,23.090331572555
"1179",3,32.9759657127149
"1180",3,44.2809876818421
"1181",3,33.7820833599875
"1182",3,41.9822951403246
"1183",3,36.5825213177614
"1184",3,51.3553970308115
"1185",3,60.5926400513196
"1186",3,32.4758498908947
"1187",3,38.5660715520656
"1188",3,65.4592350996026
"1189",3,19.6766184722904
"1190",3,38.4054371205308
"1191",3,77.7322969396387
"1192",3,80.4549068871702
"1193",3,44.7212509953252
"1194",3,32.0226804787688
"1195",3,44.8454422227362
"1196",3,34.3969216094236
"1197",3,65.7003292445132
"1198",3,32.6537095988676
"1199",3,47.8248761035548
"1200",3,51.5556535020381
"1201",3,33.2018985925983
"1202",3,55.2433443623401
"1203",3,33.309922303132
"1204",3,51.7171024232109
"1205",3,59.3490577132828
"1206",3,30.6749776251152
"1207",3,59.5440456325045
"1208",3,36.3219406942997
"1209",3,46.6802366511711
"1210",3,45.3578922680233
"1211",3,37.0774383037588
"1212",3,46.3022258471322
"1213",3,28.1819855045043
"1214",3,40.757885334524
"1215",3,54.8245902614077
"1216",3,19.8668750997528
"1217",3,25.6969104217944
"1218",3,28.871857626069
"1219",3,24.7664115899464
"1220",3,48.5144753290098
"1221",3,30.6273434368909
"1222",3,19.9407216731694
"1223",3,34.5730011202474
"1224",3,37.5258579488621
"1225",3,55.3292344247838
"1226",3,29.4676218680559
"1227",3,60.4671583712217
"1228",3,48.2000438246746
"1229",3,47.6698462425861
"1230",3,32.1444021426737
"1231",3,75.4402451989932
"1232",3,40.3909674238699
"1233",3,22.6946361313971
"1234",3,39.8787865794306
"1235",3,21.7773130586901
"1236",3,38.5224356955514
"1237",3,37.1381561057176
"1238",3,52.52419729922
"1239",3,57.8647668512915
"1240",3,33.5569781606032
"1241",3,54.5058681018325
"1242",3,65.1749747509464
"1243",3,32.9029333382401
"1244",3,34.4011986883729
"1245",3,52.0373324975288
"1246",3,45.092694472312
"1247",3,50.4609732849041
"1248",3,64.8146536096634
"1249",3,48.033511996653
"1250",3,58.5800651319114
"1251",3,51.6030939691247
"1252",3,48.7232894201666
"1253",3,48.0187876249229
"1254",3,62.7627459670186
"1255",3,30.5284192825396
"1256",3,29.4528662282242
"1257",3,51.1238522966967
"1258",3,40.9735092023873
"1259",3,43.5758495825886
"1260",3,53.4654854232419
"1261",3,53.6572447532238
"1262",3,39.1265917212224
"1263",3,38.4969038295778
"1264",3,43.5702639899248
"1265",3,58.7729392198675
"1726",3,26.3496622291078
"1727",3,29.7508246642928
"1728",3,29.7271217128658
"1729",3,44.033459444819
"1730",3,68.4338146612887
"1731",3,25.4423911647481
"1732",3,48.7241182565329
"1733",3,56.0309265115142
"1734",3,30.6634047192286
"1735",3,41.8590213528081
"1736",3,54.7892231334923
"1737",3,39.2176231650038
"1738",3,39.6625001994317
"1739",3,46.8736747526648
"1740",3,41.7628576855872
"1741",3,35.5329654164019
"1742",3,40.7254685549173
"1743",3,74.0037630196217
"1744",3,55.6055292680831
"1745",3,31.4670642626158
"1746",3,28.0376468594457
"1747",3,37.9048595899027
"1748",3,63.4353860356803
"1749",3,46.6560602613593
"1750",3,33.83705209516
"1751",3,55.7460912968695
"1752",3,40.7940960779491
"1753",3,29.2933860877184
"1754",3,49.1353374057571
"1755",3,67.0287309147777
"1756",3,48.7359234136349
"1757",3,45.218908982753
"1758",3,34.3568463409707
"1759",3,50.7615105982006
"1760",3,29.8113992087909
"1761",3,24.1902618590662
"1762",3,41.9851927683152
"1763",3,42.1024308607885
"1764",3,84.1819762234097
"1765",3,28.3228330304075
"1766",3,44.9219261995999
"1767",3,54.4888092470375
"1768",3,58.5611981727234
"1769",3,42.423115377584
"1770",3,33.3627166835254
"1771",3,41.6860464976498
"1772",3,75.1565298427208
"1773",3,49.4590923162039
"1774",3,20.8840089238546
"1775",3,65.1590926981108
"1776",3,50.3346692144031
"1777",3,42.1161217433211
"1778",3,42.3270139915776
"1779",3,40.57952518769
"1780",3,46.1367055347354
"1781",3,36.1498221106206
"1782",3,46.4302574606116
"1783",3,31.2859998896831
"1784",3,45.333984635562
"1785",3,59.5241079550077
"1786",3,49.8588962244728
"1787",3,58.2750433365775
"1788",3,29.6007510327888
"1789",3,43.312493036298
"1790",3,51.5153121830921
"1791",3,29.8381032220315
"1792",3,67.8137226120688
"1793",3,30.1852140799831
"1794",3,44.8322754982473
"1795",3,44.654607014739
"1796",3,44.2342543526136
"1797",3,39.794265394037
"1798",3,48.9668241648833
"1799",3,30.2234914410178
"1800",3,27.5982066500697
"1801",3,34.3761879352952
"1802",3,41.7986863355262
"1803",3,62.1463344652207
"1804",3,68.2239619910315
"1805",3,47.0441790029319
"1806",3,47.9525869052491
"1807",3,39.3687741478046
"1808",3,43.22038291214
"1809",3,26.483093291673
"1810",3,46.6164366344767
"1811",3,35.7714588432834
"1812",3,47.2652864872949
"1813",3,38.078897750448
"1814",3,34.2948426477626
"1815",3,39.6826810171711
"1816",3,37.8190224764494
"1817",3,59.3132631958019
"1818",3,45.4622310791216
"1819",3,48.706471337204
"1820",3,28.0780838171522
"1821",3,66.5176279245138
"1822",3,44.7601138806919
"1823",3,32.1031169492144
"1824",3,46.8927971456617
"1825",3,55.5525169427048
"1826",3,26.6826141910051
"1827",3,70.1943597571638
"1828",3,40.4721412398675
"1829",3,59.7713108309136
"1830",3,43.5518970116489
"1831",3,38.2479924013753
"1832",3,22.6095360839472
"1833",3,29.5045702622717
"1834",3,42.0121075231351
"1835",3,54.8580546476185
"1836",3,22.2156453286355
"1837",3,64.280778075907
"1838",3,64.7104553735124
"1839",3,29.0615469329083
"1840",3,49.3020534255301
"1841",3,30.1974891121036
"1842",3,40.9011762351486
"1843",3,56.5124266585956
"1844",3,55.5182118296586
"1845",3,32.1812719262822
"1846",3,37.5751422837377
"1847",3,30.8056603552325
"1848",3,47.3362254491058
"1849",3,25.0398345269298
"1850",3,16.5868603880857
"1851",3,66.0151174965922
"1852",3,82.1762565949441
"1853",3,36.7386549512551
"1854",3,53.7820900677134
"1855",3,42.4665353548078
"1856",3,66.0986779034409
"1857",3,50.5430712483647
"1858",3,45.3837319734601
"1859",3,22.9144651560864
"1860",3,59.1138668549885
"1861",3,38.0182668379394
"1862",3,26.49316073615
"1863",3,39.905319981743
"1864",3,40.8804768813679
"1865",3,58.7079364228091
"1866",3,28.816427318492
"1867",3,35.5094073634029
"1868",3,66.3554318422109
"1869",3,63.9759537589453
"1870",3,60.5006983533602
"1871",3,69.6416609075378
"1872",3,45.3889254839494
"1873",3,35.2234713110471
"1874",3,50.5592933207003
"1875",3,58.6996888668774
"1876",3,85.2599583054746
"1877",3,21.5265877299512
"1878",3,46.3759637689623
"1879",3,52.100119499681
"1880",3,41.8350214592137
"1881",3,25.0512966233043
"1882",3,53.4690473951227
"1883",3,32.9595597839276
"1884",3,49.8082446334039
"1885",3,56.163034222501
"1886",3,62.6310520755419
"1887",3,25.0509164576717
"1888",3,59.0930702492746
"1889",3,33.2078545319078
"1890",3,27.601595119112
"1891",3,63.1751743530224
"1892",3,60.2057975937151
"1893",3,39.3823199058671
"1894",3,53.7570995233142
"1895",3,32.0587028221734
"1896",3,40.5633298908674
"1897",3,41.315621976393
"1898",3,38.8975881946219
"1899",3,53.3511766593126
"1900",3,67.2763888638154
"1901",3,36.7297100728773
"1902",3,42.1283626542456
"1903",3,69.1652937966255
"1904",3,38.2902422565678
"1905",3,16.757577913536
"1906",3,49.9313151173144
"1907",3,31.7727018568591
"1908",3,30.5678425957713
"1909",3,65.1105378689239
"1910",3,86.0284800804585
"1911",3,30.1330112890867
"1912",3,58.2288509078007
"1913",3,41.3100110408609
"1914",3,44.514574651184
"1915",3,61.5354332421723
"1916",3,45.5255430461328
"1917",3,32.1571648966689
"1918",3,36.5525080251017
"1919",3,52.5919651284128
"1920",3,18.6498157402613
"1921",3,59.3247067772469
"1922",3,24.966055529999
"1923",3,42.8647254554883
"1924",3,40.0528889964045
"1925",3,62.7939932616307
"1926",3,45.1744548912047
"1927",3,43.960833340779
"1928",3,52.7811829637135
"1929",3,32.4258682187441
"1930",3,39.9813638670818
"1931",3,60.7514563226038
"1932",3,52.550064629085
"1933",3,27.7347636458333
"1934",3,51.8372482941875
"1935",3,26.7410242840675
"1936",3,35.0306580485885
"1937",3,61.3360624981891
"1938",3,19.2811796767919
"1939",3,23.0872738238814
"1940",3,62.9427292027409
"1941",3,32.5613514079678
"1942",3,61.9149803436013
"1943",3,40.3392644158494
"1944",3,48.6362667424514
"1945",3,54.6218210973647
"1946",3,34.4149851209509
"1947",3,38.5968160014616
"1948",3,37.2253980679869
"1949",3,94.5738519685012
"1950",3,44.2964620960202
"1951",3,49.3095652186306
"1952",3,38.1440313505514
"1953",3,39.3924356752164
"1954",3,64.3411120818687
"1955",3,38.1673479973132
"2531",3,42.019376754553
"2532",3,34.8668514202693
"2533",3,21.6833977550935
"2534",3,45.9442013669781
"2535",3,49.3411276686922
"2536",3,44.4435571792087
"2537",3,36.3313857481705
"2538",3,56.0417893621406
"2539",3,59.0210464329398
"2540",3,18.3743151330209
"2541",3,59.8301281685957
"2542",3,23.0826792142317
"2543",3,38.0967183313253
"2544",3,29.4117367743138
"2545",3,34.6596629001995
"2546",3,63.221260940193
"2547",3,50.2433662238025
"2548",3,49.6273733717093
"2549",3,20.6174273384644
"2550",3,45.2799760664583
"2551",3,51.694755785661
"2552",3,55.3972480691382
"2553",3,30.8367562633579
"2554",3,56.6598660449992
"2555",3,26.572254705614
"2556",3,71.1420494950112
"2557",3,32.7411122825034
"2558",3,53.8448826624855
"2559",3,47.0213780645047
"2560",3,29.8839857170901
"2561",3,60.1710560614285
"2562",3,43.02029911288
"2563",3,54.7048743678347
"2564",3,45.5896449662197
"2565",3,55.5207927967095
"2566",3,42.8613246206206
"2567",3,59.668739101915
"2568",3,38.0017626894214
"2569",3,50.1333840302581
"2570",3,47.9081235841875
"2571",3,55.1183762592884
"2572",3,34.7651217298324
"2573",3,45.0172993792355
"2574",3,35.2436882896022
"2575",3,56.1809715664557
"2576",3,34.5832392868726
"2577",3,71.0147813711739
"2578",3,54.2519905814033
"2579",3,42.3829346396007
"2580",3,61.2529746652637
"2581",3,41.4364351308612
"2582",3,50.6827233620838
"2583",3,50.1471671012049
"2584",3,48.5658160390203
"2585",3,35.0487779078603
"2586",3,27.9787540116632
"2587",3,23.9375824264148
"2588",3,36.7233401058248
"2589",3,52.5393569299631
"2590",3,39.4275872303457
"2591",3,28.4532674198637
"2592",3,79.6640439943418
"2593",3,52.8423649414886
"2594",3,75.2963780274311
"2595",3,61.3733061818662
"2596",3,34.8778219006955
"2597",3,37.2643079867058
"2598",3,26.1402264920545
"2599",3,53.4526753712762
"2600",3,68.9143107150946
"2601",3,31.4033646303976
"2602",3,28.4648634192321
"2603",3,55.7533759083754
"2604",3,25.4317037246336
"2605",3,74.7876482327964
"2606",3,50.8188936590936
"2607",3,23.6443891268047
"2608",3,47.560932762303
"2609",3,44.005684221768
"2610",3,17.6958509506362
"2611",3,42.0051821960781
"2612",3,35.1602724596656
"2613",3,31.7636634410704
"2614",3,45.8817065249699
"2615",3,55.2329937179494
"2616",3,70.9125688888855
"2617",3,16.5654700068092
"2618",3,53.5026881242389
"2619",3,31.0602506674336
"2620",3,60.3808290054355
"2621",3,47.4284690087323
"2622",3,65.5551070671995
"2623",3,25.7451010946942
"2624",3,49.6384448632588
"2625",3,46.6918777735762
"2626",3,58.5147382902024
"2627",3,39.5281823098587
"2628",3,60.1668593779384
"2629",3,36.8609785922297
"2630",3,37.0525214238247
"2631",3,42.911551518026
"2632",3,29.8251188084768
"2633",3,36.7200022431273
"2634",3,59.5786543836282
"2635",3,69.4549002074162
"2636",3,59.6519387707472
"2637",3,37.1059128756416
"2638",3,47.0296333702649
"2639",3,43.913159304403
"2640",3,27.8975881991557
"2641",3,46.1488607874928
"2642",3,32.4559982178204
"2643",3,29.9150208362307
"2644",3,53.2145746920997
"2645",3,33.7637182746277
"3221",3,53.2143401221392
"3222",3,38.9768108032698
"3223",3,44.2782382174389
"3224",3,43.105638991312
"3225",3,34.5478988506517
"3226",3,77.107113154998
"3227",3,35.4945739406671
"3228",3,37.9570416666207
"3229",3,63.3568615403941
"3230",3,42.2899223074241
"3231",3,60.5863278672154
"3232",3,34.9248076886103
"3233",3,42.3945990949804
"3234",3,39.2758233555856
"3235",3,30.8808739255154
"3236",3,38.6129012490985
"3237",3,34.3681187586049
"3238",3,55.3400469367264
"3239",3,38.7682029113297
"3240",3,41.4604070627375
"3241",3,32.4166808671525
"3242",3,45.5471673943434
"3243",3,24.5597741423861
"3244",3,14.5344355718498
"3245",3,73.9487217634981
"3246",3,53.720647464549
"3247",3,51.786968182764
"3248",3,19.3908649545515
"3249",3,52.4502843996062
"3250",3,50.0197955569625
"3251",3,41.5283635710712
"3252",3,54.8123868433418
"3253",3,59.7609177745493
"3254",3,40.9410227485102
"3255",3,75.2702569233851
"3256",3,57.5089728332214
"3257",3,61.5733413609288
"3258",3,38.464610584794
"3259",3,40.8235315002229
"3260",3,31.3806619937268
"3261",3,48.3333142598968
"3262",3,46.2435096023645
"3263",3,43.8136879870993
"3264",3,34.0754041232697
"3265",3,39.5179341370564
"3266",3,76.0843331028821
"3267",3,31.3096890363021
"3268",3,37.3358227368868
"3269",3,26.4937094082157
"3270",3,28.0793234464168
"3271",3,38.8214468640332
"3272",3,37.5178260488995
"3273",3,34.8133830535464
"3274",3,33.0183122074224
"3275",3,39.9719707574067
"3276",3,59.9935554014239
"3277",3,37.9319328869322
"3278",3,27.6588076605104
"3279",3,29.8272043530265
"3280",3,21.2065718103555
"3281",3,23.6827955695316
"3282",3,33.3156777586686
"3283",3,30.8029755110153
"3284",3,29.0032850740742
"3285",3,76.1692613155585
"3286",3,71.3848960361403
"3287",3,88.6686937633411
"3288",3,54.0288547621153
"3289",3,40.4302675800244
"3290",3,30.096551010433
"3291",3,29.4984367668217
"3292",3,36.2337167773294
"3293",3,62.5696902497207
"3294",3,52.2829658012209
"3295",3,55.8655178497293
"3296",3,40.0947320564579
"3297",3,25.0896188911381
"3298",3,47.1447831556756
"3299",3,39.7404486306097
"3300",3,38.6047716252816
"3301",3,80.2537049645056
"3302",3,55.5403493074786
"3303",3,39.5635393317989
"3304",3,22.0340280628479
"3305",3,38.8230093852854
"3306",3,57.5430167328048
"3307",3,47.8235443560508
"3308",3,46.3597468765505
"3309",3,58.467658877751
"3310",3,40.3293981791165
"3311",3,38.0811304916934
"3312",3,39.2372566904213
"3313",3,53.3577671990597
"3314",3,39.0418487961626
"3315",3,53.7692664514242
"3316",3,28.2044256414661
"3317",3,27.7785087112694
"3318",3,44.3136558647138
"3319",3,53.7705788137015
"3320",3,37.3166471544686
"3321",3,35.2759820400179
"3322",3,15.2189088531354
"3323",3,47.8455942725923
"3324",3,31.5943844882554
"3325",3,48.2623398603278
"3326",3,65.2280946554396
"3327",3,36.2451837535779
"3328",3,52.7589186431067
"3329",3,40.543589405857
"3330",3,47.7615987543896
"3331",3,28.9342840720138
"3332",3,48.4883483953137
"3333",3,63.0070955683139
"3334",3,72.283555138559
"3335",3,28.6141547672067
"3336",3,50.2307475078053
"3337",3,36.1000152711154
"3338",3,50.0639433702966
"3339",3,40.2067816747364
"3340",3,39.3128163851947
"3341",3,52.5284420830426
"3342",3,53.5439972941052
"3343",3,46.4599837131421
"3344",3,49.1781764881037
"3345",3,47.9064883463051
"3346",3,46.4498656098654
"3347",3,43.8129515630641
"3348",3,56.2962198439727
"3349",3,52.9671405688483
"3350",3,54.3093663132255
"3351",3,59.5263652646438
"3352",3,50.4695680954586
"3353",3,40.5376908208896
"3354",3,29.6152272458598
"3355",3,36.3399918085635
"3356",3,31.9531388295608
"3357",3,38.6733555817112
"3358",3,35.8936404686516
"3359",3,39.9712110281145
"3360",3,30.2999167975093
"3361",3,34.7504509424843
"3362",3,47.5707168499908
"3363",3,45.5245706504544
"3364",3,37.3606274615603
"3365",3,57.9209087770167
"3366",3,24.2976002759706
"3367",3,49.4593875305619
"3368",3,67.8897263936979
"3369",3,37.3142567636752
"3370",3,48.0409116560445
"3371",3,35.5017843765662
"3372",3,42.2712039046209
"3373",3,54.6594521522316
"3374",3,31.4733724274654
"3375",3,35.5428156471454
"3376",3,50.2084876205944
"3377",3,48.4569713842528
"3378",3,54.5179937624443
"3379",3,62.0753118625234
"3380",3,53.9222611127013
"3381",3,29.7379865583871
"3382",3,44.6818692674961
"3383",3,37.4218422696173
"3384",3,42.4887219181178
"3385",3,56.3252080014339
"3386",3,46.4179466045719
"3387",3,44.7015571912277
"3388",3,40.967925915185
"3389",3,48.1801759564424
"3390",3,28.7026430965162
"3391",3,37.1464577726486
"3392",3,68.778856648848
"3393",3,51.4978242187453
"3394",3,30.9591075204335
"3395",3,28.2006997942777
"3396",3,30.9854736213392
"3397",3,50.9422109131917
"3398",3,48.7164150958556
"3399",3,35.3801649511471
"3400",3,37.7969815397493
"3401",3,57.3389123473302
"3402",3,38.5656059113296
"3403",3,41.784225392918
"3404",3,47.5260234512826
"3405",3,40.1567470803232
"3406",3,33.4558268925789
"3407",3,37.2518074746015
"3408",3,29.7030237732444
"3409",3,49.2571685727739
"3410",3,63.4942791830574
"3411",3,45.9608547793128
"3412",3,54.6129256780854
"3413",3,34.4158736565092
"3414",3,40.7033232490773
"3415",3,40.7582087352551
"3416",3,26.2351625726659
"3417",3,43.7807247710957
"3418",3,49.4063706567834
"3419",3,52.5490075968612
"3420",3,63.199146451352
"3421",3,25.8396430732949
"3422",3,51.5215355348569
"3423",3,53.0807923011648
"3424",3,39.7993932728953
"3425",3,51.2862318731965
"3426",3,26.3880050067748
"3427",3,45.5357572845144
"3428",3,13.4740981280937
"3429",3,46.9364520398778
"3430",3,68.4924002625889
"3431",3,67.364068555312
"3432",3,16.383736046451
"3433",3,50.2511888308076
"3434",3,38.0323549442013
"3435",3,42.2310000946036
"3436",3,19.545383684497
"3437",3,48.0033995147042
"3438",3,35.8766376236001
"3439",3,47.8392516756331
"3440",3,40.0417894968016
"3441",3,30.2837285670824
"3442",3,47.2436851921293
"3443",3,51.1720494965797
"3444",3,43.3060171855646
"3445",3,50.7416078307311
"3446",3,36.6298866196917
"3447",3,62.6461274256502
"3448",3,37.9298085692001
"3449",3,35.249726880167
"3450",3,58.4081669062265
"3451",3,59.6627623592808
"3452",3,52.5057291546167
"3453",3,45.6225129652742
"3454",3,68.3652628746006
"3455",3,30.4397721103961
"3456",3,60.058516633479
"3457",3,70.6664562051375
"3458",3,43.3099872500621
"3459",3,51.0278976071189
"3460",3,51.3983158121695
"3461",3,61.0314991470878
"3462",3,32.075338419802
"3463",3,55.9676733275043
"3464",3,23.6965709945365
"3465",3,77.9871247687293
"3466",3,35.3476395591551
"3467",3,38.4511489129142
"3468",3,46.1700189805146
"3469",3,27.9840388915107
"3470",3,39.1237425413861
"3471",3,43.4041289197144
"3472",3,38.1538318870268
"3473",3,76.9338516537877
"3474",3,23.020633456352
"3475",3,41.1616743748782
"3476",3,60.7735295825275
"3477",3,32.3247054689558
"3478",3,40.7210734301644
"3479",3,75.2284248164393
"3480",3,22.3358386593141
"3481",3,32.6858158953935
"3482",3,28.5029862273911
"3483",3,51.7059265584573
"3484",3,31.9950566960394
"3485",3,49.2345415062386
"3486",3,34.477528630636
"3487",3,40.5438528840468
"3488",3,55.3199139797513
"3489",3,44.447587420451
"3490",3,21.7257294549267
"3491",3,35.7674874979982
"3492",3,53.025661762388
"3493",3,73.5477331002421
"3494",3,29.3535426587472
"3495",3,39.5607886870116
"3496",3,41.4761929778836
"3497",3,33.483695059449
"3498",3,26.6926277543187
"3499",3,73.1204732565765
"3500",3,66.1733765989232
"3501",3,26.4617348018569
"3502",3,22.1964575825966
"3503",3,38.9402717106387
"3504",3,48.6757406221325
"3505",3,40.8541444229577
"3506",3,59.9112289899507
"3507",3,39.3319977107092
"3508",3,28.8351869916184
"3509",3,66.9488430167278
"3510",3,39.4916216813723
"3511",3,38.8567116675271
"3512",3,39.1203969610448
"3513",3,43.3290657639184
"3514",3,18.7770827290879
"3515",3,52.5472871246649
"3516",3,53.1467348323416
"3517",3,51.7016306624647
"3518",3,37.2740596201417
"3519",3,43.9244719171794
"3520",3,26.1947373153079
"3521",3,47.6321432601509
"3522",3,32.536238589773
"3523",3,63.221425618029
"3524",3,31.3456878334331
"3525",3,20.7675000093469
"3526",3,44.9465505186364
"3527",3,24.3923148112138
"3528",3,31.3238520661439
"3529",3,54.4723191179196
"3530",3,73.7923316442647
"3531",3,39.1264953661084
"3532",3,57.2287477101271
"3533",3,26.7431923104016
"3534",3,70.9808142326991
"3535",3,42.4991124863132
"3536",3,32.9506607278795
"3537",3,48.1879410748682
"3538",3,32.6229440115643
"3539",3,43.251389867783
"3540",3,43.9585231418468
"3541",3,60.6037214391268
"3542",3,35.4036657540452
"3543",3,37.7146207909421
"3544",3,44.2665293836511
"3545",3,55.9951575796051
"3546",3,74.2610333079982
"3547",3,68.123935315413
"3548",3,57.0382212659701
"3549",3,22.037101217602
"3550",3,56.8225925484772
"3551",3,53.659247101805
"3552",3,33.8794180530069
"3553",3,35.4232766970388
"3554",3,26.8221560286285
"3555",3,42.3985673722247
"3556",3,43.8046748077943
"3557",3,23.3073408797268
"3558",3,24.8368173749487
"3559",3,44.9722112431073
"3560",3,30.2685068712648
"3561",3,38.6644438078076
"3562",3,57.8347468679499
"3563",3,37.0931342156539
"3564",3,44.3092157038441
"3565",3,51.492368057328
"4141",3,38.1595492333473
"4142",3,35.0812985769943
"4143",3,46.6312756874281
"4144",3,41.8293760361549
"4145",3,37.7591758029483
"4146",3,45.0017850785383
"4147",3,33.0270326666605
"4148",3,32.6989359777757
"4149",3,64.2466560650944
"4150",3,31.8284793831268
"4151",3,46.9905569045698
"4152",3,30.8886384042664
"4153",3,39.5353337861347
"4154",3,48.0818823986651
"4155",3,30.4514395775856
"4156",3,51.1715801827356
"4157",3,45.5999120712826
"4158",3,38.4459409413888
"4159",3,45.978049675929
"4160",3,43.5901334956712
"4161",3,32.2862347220339
"4162",3,26.5544990247466
"4163",3,44.0188288279827
"4164",3,30.5023661420293
"4165",3,42.0940378008011
"4166",3,24.2355209825389
"4167",3,31.3110575914189
"4168",3,46.3597964001578
"4169",3,58.4715545664174
"4170",3,44.8990678902744
"4171",3,30.6113555685051
"4172",3,37.2224561482133
"4173",3,59.2970827816219
"4174",3,50.0026381864708
"4175",3,54.1983596911893
"4176",3,57.649162751562
"4177",3,47.8918841485832
"4178",3,59.5679050502304
"4179",3,30.8371124879977
"4180",3,46.7567108258361
"4181",3,38.1598818844461
"4182",3,45.3564979838366
"4183",3,63.3745267892376
"4184",3,49.7769447964817
"4185",3,34.6651153783538
"4186",3,38.0269671470497
"4187",3,31.0711098060798
"4188",3,41.3673033072581
"4189",3,36.2010326880456
"4190",3,54.2713367068148
"4191",3,36.2835275895388
"4192",3,52.9737161801215
"4193",3,53.1387737690712
"4194",3,36.9782128045526
"4195",3,65.2148517334161
"4196",3,42.9325442918154
"4197",3,34.3964127485753
"4198",3,43.5812644632484
"4199",3,30.6482133994342
"4200",3,52.0406909747112
"4201",3,31.6779398317584
"4202",3,62.7926231737313
"4203",3,20.6474120664076
"4204",3,29.3778889198515
"4205",3,38.1740558184684
"4206",3,33.8462771232841
"4207",3,63.7635977748563
"4208",3,41.7573608466942
"4209",3,47.5592567930528
"4210",3,52.927110463658
"4211",3,44.669231192554
"4212",3,57.0508244845779
"4213",3,48.8141714154443
"4214",3,52.7824143585264
"4215",3,25.7148051683736
"4216",3,29.235465159516
"4217",3,19.4673527106527
"4218",3,39.2460805476026
"4219",3,65.3117334465995
"4220",3,30.7817985855231
"4221",3,46.9800386617153
"4222",3,48.8326725088237
"4223",3,45.8789906602146
"4224",3,38.8535649025641
"4225",3,34.798897182944
"4226",3,34.5822926220068
"4227",3,42.8039735801556
"4228",3,62.9116422244454
"4229",3,32.798299206248
"4230",3,40.9361553692636
"4231",3,43.9239154748838
"4232",3,54.2687720912578
"4233",3,39.5261400553335
"4234",3,51.8335231185556
"4235",3,25.6148947528741
"4236",3,53.1018094209813
"4237",3,43.8838970222548
"4238",3,29.5513417994712
"4239",3,18.6908925427028
"4240",3,37.8384557310448
"4241",3,52.3204531629243
"4242",3,47.0379895007673
"4243",3,37.8529615526781
"4244",3,43.2478692853904
"4245",3,44.7127857036954
"4246",3,33.259368680693
"4247",3,43.3092419340054
"4248",3,44.1038174371107
"4249",3,33.5941493562777
"4250",3,45.3064014906654
"4251",3,46.9147345420622
"4252",3,50.1187120412863
"4253",3,52.9853013616184
"4254",3,48.3768989466673
"4255",3,46.7820736550574
"4486",3,26.7341267972715
"4487",3,37.6807047598048
"4488",3,77.5114189028669
"4489",3,44.464616255136
"4490",3,33.6360313623746
"4491",3,55.8522314714404
"4492",3,49.5892572249784
"4493",3,41.4926260209139
"4494",3,39.5734627420826
"4495",3,40.6356926579945
"4496",3,41.611129288649
"4497",3,51.5506893862546
"4498",3,44.3174534604645
"4499",3,34.6913939578391
"4500",3,54.9639631451975
"4501",3,33.8724823273989
"4502",3,63.0839002181863
"4503",3,30.7628958759553
"4504",3,53.5724556431198
"4505",3,62.1649680379412
"4506",3,61.5344922442842
"4507",3,41.0724894772904
"4508",3,52.6875313148837
"4509",3,20.1492713766719
"4510",3,48.8816351914293
"4511",3,41.1103190353703
"4512",3,51.2455039553527
"4513",3,44.0551999318111
"4514",3,62.8249157191274
"4515",3,40.3080979214961
"4516",3,53.3454613206095
"4517",3,41.154193466118
"4518",3,52.115260619522
"4519",3,28.1736494196062
"4520",3,51.3498155553994
"4521",3,37.5387302679597
"4522",3,48.1476205980676
"4523",3,31.8944485945278
"4524",3,50.3520347828186
"4525",3,98.8528194664652
"4526",3,67.3364635300338
"4527",3,57.3749714170326
"4528",3,34.7887458227315
"4529",3,47.1223527105132
"4530",3,40.4681367473106
"4531",3,21.3623621867276
"4532",3,39.4131516608745
"4533",3,38.4467966566583
"4534",3,41.3697363087256
"4535",3,35.8136631210417
"4536",3,52.0537515565541
"4537",3,74.7261544313916
"4538",3,60.3691198250645
"4539",3,52.1844788195587
"4540",3,43.3162722613797
"4541",3,43.5995818952947
"4542",3,60.4015788338471
"4543",3,62.5898288885186
"4544",3,35.1052628697386
"4545",3,56.8638795374737
"4546",3,28.6572937277878
"4547",3,28.5609097431736
"4548",3,68.3823383232787
"4549",3,43.0688041901168
"4550",3,43.0258149799029
"4551",3,57.3522385773809
"4552",3,39.9715880972794
"4553",3,32.2089106803466
"4554",3,44.46645542397
"4555",3,23.6993257302478
"4556",3,36.5276539048296
"4557",3,40.4889439405804
"4558",3,26.1224624294414
"4559",3,45.1168726131561
"4560",3,33.4818069531659
"4561",3,59.6488834809555
"4562",3,38.8937693770872
"4563",3,29.5993898017801
"4564",3,45.8889227290053
"4565",3,41.8534410694609
"4566",3,43.1148433018533
"4567",3,45.5507956951146
"4568",3,37.484166265529
"4569",3,38.3208942536171
"4570",3,51.9939890550836
"4571",3,68.9732272671687
"4572",3,21.8495540202737
"4573",3,40.7638583597796
"4574",3,57.3632922710712
"4575",3,28.6967067907963
"4576",3,60.5634286926432
"4577",3,37.6665821683048
"4578",3,52.9331626885394
"4579",3,66.0885010662076
"4580",3,56.014971906911
"4581",3,61.3958202430338
"4582",3,19.6086413547953
"4583",3,27.7558210002104
"4584",3,50.9623685650715
"4585",3,31.5084029021313
"4586",3,35.577709777946
"4587",3,64.4407561425369
"4588",3,44.1624070577619
"4589",3,43.1830421171499
"4590",3,39.3440198340516
"4591",3,24.6866149356854
"4592",3,22.2248918073282
"4593",3,39.69994468033
"4594",3,47.5582961366924
"4595",3,27.3085782771781
"4596",3,22.8405301159748
"4597",3,62.4802670466645
"4598",3,49.8254571905223
"4599",3,49.4493912614117
"4600",3,56.3208088188083
"5061",3,41.752567474015
"5062",3,57.2966892997044
"5063",3,46.4411483286942
"5064",3,74.9954569849438
"5065",3,38.2496443041621
"5066",3,66.2404758080071
"5067",3,36.7311107674701
"5068",3,39.5262131843931
"5069",3,38.3143054684647
"5070",3,46.587129294036
"5071",3,49.2154582753979
"5072",3,44.5613841807607
"5073",3,51.2377878777724
"5074",3,32.9276837486683
"5075",3,39.4296175788659
"5076",3,52.0585405842508
"5077",3,58.3484919491065
"5078",3,47.3186827758373
"5079",3,52.9590770903655
"5080",3,55.0565196272171
"5081",3,51.3922264776939
"5082",3,39.623604609146
"5083",3,40.390017396347
"5084",3,51.588935943732
"5085",3,36.7344064183597
"5086",3,40.812254641573
"5087",3,41.3409508402561
"5088",3,24.7871098711215
"5089",3,47.2581474909754
"5090",3,50.7861994485537
"5091",3,41.7483400266276
"5092",3,72.2311929776102
"5093",3,40.2415329020396
"5094",3,50.9213234396503
"5095",3,50.2141945411641
"5096",3,54.160368028291
"5097",3,48.486692895572
"5098",3,40.0409837536096
"5099",3,50.6841179825657
"5100",3,46.0932276018585
"5101",3,45.9502809081216
"5102",3,53.1206914359864
"5103",3,53.9684576410598
"5104",3,42.4527838764998
"5105",3,37.5451541267108
"5106",3,63.4256264389254
"5107",3,43.2881490894428
"5108",3,37.7031868355605
"5109",3,31.1258539952889
"5110",3,46.3293188954593
"5111",3,48.0345068466561
"5112",3,29.1153322717302
"5113",3,27.0228553640744
"5114",3,45.1088812947449
"5115",3,32.5157788241055
"5116",3,63.7938264186884
"5117",3,29.4320747835238
"5118",3,25.1330042533809
"5119",3,41.6320166462329
"5120",3,49.2375362802346
"5121",3,44.7252525322853
"5122",3,40.9581433699387
"5123",3,47.911498440577
"5124",3,33.0795813398488
"5125",3,45.7146985101774
"5126",3,32.3520735571832
"5127",3,32.676943478063
"5128",3,44.0269073899
"5129",3,48.3940099548594
"5130",3,31.9622647023111
"5131",3,25.1139828587899
"5132",3,30.2741256032524
"5133",3,21.2400972410647
"5134",3,44.3363777870984
"5135",3,51.0132132423229
"5136",3,72.386933393192
"5137",3,31.6827231332982
"5138",3,36.5267877826758
"5139",3,41.1205650532021
"5140",3,45.8655376806508
"5141",3,32.7443002695073
"5142",3,56.5235316794533
"5143",3,37.6608787201107
"5144",3,57.4553692962476
"5145",3,24.4043183929953
"5146",3,40.4174415490766
"5147",3,47.4271987451051
"5148",3,36.2899784887821
"5149",3,36.4525750236435
"5150",3,34.5710811576504
"5151",3,43.9813211398694
"5152",3,62.2449941754243
"5153",3,30.2957134839162
"5154",3,41.2458859519771
"5155",3,36.4058023430472
"5156",3,64.9707771598918
"5157",3,74.911855519499
"5158",3,49.730651908173
"5159",3,43.470239084126
"5160",3,64.1136338185347
"5161",3,36.6588879004861
"5162",3,41.8054001266891
"5163",3,58.5549988319489
"5164",3,44.0130437966167
"5165",3,36.4920747863785
"5166",3,45.1200007998172
"5167",3,36.8284889732852
"5168",3,73.7438346222463
"5169",3,37.617242323238
"5170",3,56.7133883132658
"5171",3,42.5831821367252
"5172",3,63.4638109496531
"5173",3,56.5466307045998
"5174",3,34.4433793986646
"5175",3,46.5028977060778
"5176",3,40.6313732379423
"5177",3,49.761653995563
"5178",3,41.9449853009198
"5179",3,49.2725182548183
"5180",3,41.0091244673034
"5181",3,56.9612287006212
"5182",3,46.9525295440373
"5183",3,27.3386235494269
"5184",3,42.28847803298
"5185",3,38.1950536899089
"5186",3,59.689582569664
"5187",3,28.9763434655367
"5188",3,20.879870121194
"5189",3,49.2325858698464
"5190",3,56.7333381299199
"5191",3,49.0113018892654
"5192",3,63.8692987591888
"5193",3,56.0706811654436
"5194",3,31.2972772922932
"5195",3,56.54332259622
"5196",3,35.1424708554054
"5197",3,59.4939792407307
"5198",3,57.5849230634146
"5199",3,41.8992117538821
"5200",3,58.8569256711528
"5201",3,39.0602464485362
"5202",3,57.8902393231142
"5203",3,18.8675006109648
"5204",3,30.0114371685351
"5205",3,44.5948538957721
"5206",3,36.0684660345271
"5207",3,16.3285769990427
"5208",3,32.3350228791807
"5209",3,68.7288509755037
"5210",3,28.3987375133212
"5211",3,44.8662157115303
"5212",3,36.2694545764981
"5213",3,42.8156739528596
"5214",3,40.2210205820601
"5215",3,40.7607985434093
"5216",3,40.9364997053777
"5217",3,19.8447943430134
"5218",3,42.5753365166905
"5219",3,44.3271240093847
"5220",3,48.4069359181069
"5221",3,64.1316104947524
"5222",3,43.066364274893
"5223",3,46.3405582505882
"5224",3,26.2634297378113
"5225",3,43.928151062414
"5226",3,25.0729922021345
"5227",3,76.359546541399
"5228",3,37.9416012276004
"5229",3,47.5205679526587
"5230",3,48.8383380447966
"5231",3,27.4204369925961
"5232",3,49.2206606344676
"5233",3,29.787169459833
"5234",3,49.0950742566028
"5235",3,34.7911919201208
"5236",3,34.0840145357229
"5237",3,48.4346635622021
"5238",3,47.72963251718
"5239",3,39.3016863081972
"5240",3,33.4410719980526
"5241",3,45.2472168571958
"5242",3,41.9130217139599
"5243",3,57.0256168852688
"5244",3,34.6366766658052
"5245",3,40.9291582104962
"5246",3,82.1178728070117
"5247",3,27.6517929473669
"5248",3,47.0117971903663
"5249",3,48.3819371046761
"5250",3,36.8132213792692
"5251",3,33.743835798768
"5252",3,25.98454698051
"5253",3,26.3588818318776
"5254",3,39.1094462501182
"5255",3,62.0759972311308
"5256",3,43.2976535472992
"5257",3,67.4343672746421
"5258",3,34.984697381529
"5259",3,50.918298629368
"5260",3,44.272158433878
"5261",3,47.6742153841919
"5262",3,45.4083236417449
"5263",3,54.0486344463399
"5264",3,42.4634473311049
"5265",3,57.176055199822
"5266",3,49.5713320608883
"5267",3,42.4391114376066
"5268",3,41.0639484085168
"5269",3,27.7231786711561
"5270",3,34.4451881027113
"5271",3,39.1185012796317
"5272",3,56.6281518648921
"5273",3,54.2672503075702
"5274",3,32.6560197884945
"5275",3,36.4810940171632
"5276",3,71.1106567433698
"5277",3,26.407174225667
"5278",3,45.0406628781028
"5279",3,46.4395331961108
"5280",3,36.1757648734681
"5281",3,26.7900238251222
"5282",3,37.4903647600103
"5283",3,91.5468794189367
"5284",3,41.1040003854619
"5285",3,39.6312537763556
"5286",3,45.0408720641543
"5287",3,28.8020211551889
"5288",3,53.6237240183539
"5289",3,53.1176120667661
"5290",3,38.0519621188727
"5751",3,42.7750940166257
"5752",3,57.3203206258329
"5753",3,34.1820951391407
"5754",3,51.3373828845305
"5755",3,52.1839683097942
"5756",3,46.6127655497166
"5757",3,59.2509886421601
"5758",3,40.7936826248158
"5759",3,21.1925844865354
"5760",3,38.1941509574578
"5761",3,53.7527469863843
"5762",3,22.2790991732407
"5763",3,23.6424716507723
"5764",3,42.87644614069
"5765",3,44.2196527951813
"5766",3,61.4792626640757
"5767",3,41.7435320248837
"5768",3,49.8401369274539
"5769",3,46.3766487211594
"5770",3,53.5168389670876
"5771",3,56.305195971828
"5772",3,27.1649206576257
"5773",3,34.0431819985469
"5774",3,56.3468598188681
"5775",3,19.9218524953952
"5776",3,16.9972321222715
"5777",3,44.4365885479555
"5778",3,43.0224788589651
"5779",3,38.0609362582588
"5780",3,55.1904895157893
"5781",3,61.0083798903266
"5782",3,57.5959691419519
"5783",3,40.2308248124531
"5784",3,42.2026910949395
"5785",3,46.8336559902863
"5786",3,20.2383798591202
"5787",3,30.5080837203444
"5788",3,54.3566095639983
"5789",3,46.0016666989786
"5790",3,27.4676060251813
"5791",3,62.7208041214257
"5792",3,49.5652330298758
"5793",3,34.9833262557928
"5794",3,42.7204849802361
"5795",3,43.4773823977885
"5796",3,38.6814071074747
"5797",3,40.1502030569777
"5798",3,40.5990873087543
"5799",3,52.1830426372015
"5800",3,57.6988783757062
"5801",3,50.511950402193
"5802",3,71.2819826943493
"5803",3,51.5654939743492
"5804",3,47.0898349739824
"5805",3,55.0627738275226
"5806",3,40.7634507049323
"5807",3,53.3226591126039
"5808",3,76.4972971069701
"5809",3,39.8243106389146
"5810",3,58.2872106902946
"5811",3,42.9041872343965
"5812",3,33.310335400477
"5813",3,59.9878361058029
"5814",3,49.1049343271456
"5815",3,38.4433820950768
"5816",3,71.5904245163204
"5817",3,22.4264182700411
"5818",3,41.7250153736297
"5819",3,39.8199816247575
"5820",3,40.8273073783352
"5821",3,44.2280300476221
"5822",3,73.5795817957278
"5823",3,20.6371876830032
"5824",3,58.3335924286374
"5825",3,33.1700314305885
"5826",3,56.7368250033536
"5827",3,36.8312231104857
"5828",3,55.4096917632942
"5829",3,39.6465933135367
"5830",3,34.8886515210257
"5831",3,28.2039842640952
"5832",3,30.5777431509715
"5833",3,37.8688544096601
"5834",3,42.0253661771238
"5835",3,49.9365909211346
"5836",3,41.5470007588654
"5837",3,61.7152587064895
"5838",3,28.08791012539
"5839",3,50.5542627635537
"5840",3,56.3136994402288
"5841",3,49.8749422688005
"5842",3,40.850861558573
"5843",3,36.1318097799812
"5844",3,26.4348342881154
"5845",3,25.1811400757268
"5846",3,52.7888312933997
"5847",3,38.4268880403651
"5848",3,25.4519202521632
"5849",3,49.9524836806233
"5850",3,54.2396743808997
"5851",3,20.0455001499505
"5852",3,73.1089356946899
"5853",3,61.7623690251909
"5854",3,27.8260001482508
"5855",3,32.6788785489925
"5856",3,45.4500677290808
"5857",3,47.7000587917277
"5858",3,28.5823423240916
"5859",3,34.5783820525793
"5860",3,101.156393197427
"5861",3,56.6591202034613
"5862",3,64.5559958153371
"5863",3,32.7992217436516
"5864",3,38.5585797889059
"5865",3,26.9936084711797
"5981",3,23.8047876707544
"5982",3,36.8464739072978
"5983",3,69.0560557863005
"5984",3,47.3857406067708
"5985",3,47.3947662592042
"5986",3,56.005205739506
"5987",3,26.8646889360196
"5988",3,42.9985272879834
"5989",3,49.3407447662184
"5990",3,59.9731050418827
"5991",3,32.6212781356539
"5992",3,45.8178859788484
"5993",3,52.279570377461
"5994",3,117.985124302685
"5995",3,68.2698303348426
"5996",3,18.3967244425793
"5997",3,42.8009112798282
"5998",3,45.2059506551201
"5999",3,54.7008959252857
"6000",3,33.8630641994082
"6001",3,57.6449656415096
"6002",3,33.9371982472986
"6003",3,41.1867912660056
"6004",3,51.3079873061565
"6005",3,34.9167686546027
"6006",3,43.7252412839238
"6007",3,68.0443291840776
"6008",3,36.6342062129398
"6009",3,28.9065313487016
"6010",3,53.1856786426815
"6011",3,32.898495856462
"6012",3,39.053872627417
"6013",3,49.8375860601359
"6014",3,49.1374143070174
"6015",3,60.7840589157706
"6016",3,34.0902268616329
"6017",3,38.4208029829119
"6018",3,34.3363390445466
"6019",3,40.4124827508117
"6020",3,76.1714299958577
"6021",3,41.7490248122275
"6022",3,42.193388433962
"6023",3,49.8940494076068
"6024",3,28.3187646922636
"6025",3,56.9271810485196
"6026",3,41.7848281124087
"6027",3,33.7977734357653
"6028",3,47.8455199849949
"6029",3,40.1458794107805
"6030",3,40.5557260280991
"6031",3,41.0367915422671
"6032",3,67.4623589662344
"6033",3,35.5654446630757
"6034",3,56.9381649225677
"6035",3,44.8308926451399
"6036",3,38.9357259265383
"6037",3,34.4935874174745
"6038",3,37.8165310890097
"6039",3,38.9586634576755
"6040",3,59.2453274866849
"6041",3,32.9339463203056
"6042",3,69.2913644599766
"6043",3,40.3063526070162
"6044",3,34.3868957559169
"6045",3,33.7639731807823
"6046",3,45.1639658305035
"6047",3,71.3241429988085
"6048",3,39.6166425795072
"6049",3,41.2892993582754
"6050",3,45.4036647163574
"6051",3,43.4304940822356
"6052",3,33.3807102492229
"6053",3,57.5077717730239
"6054",3,28.1810540850476
"6055",3,30.7639315900113
"6056",3,37.2213058408418
"6057",3,38.9266714151064
"6058",3,58.6208987703208
"6059",3,34.7416382793013
"6060",3,40.2103062235913
"6061",3,38.2484563357604
"6062",3,68.5366194138479
"6063",3,65.6264741652914
"6064",3,29.9382328489385
"6065",3,48.7664195831707
"6066",3,27.5212506600843
"6067",3,32.4030855992369
"6068",3,35.2266756667835
"6069",3,32.2018906953807
"6070",3,45.7374819987989
"6071",3,38.4888492305147
"6072",3,46.8515920853749
"6073",3,61.6660738211933
"6074",3,60.638260052192
"6075",3,20.6705449963809
"6076",3,39.2315862086523
"6077",3,49.3636312903279
"6078",3,60.5289542289961
"6079",3,35.3573604177518
"6080",3,44.3198352132998
"6081",3,69.0751824483423
"6082",3,45.3176846243567
"6083",3,73.8641411311199
"6084",3,19.5406554102946
"6085",3,77.0910292145875
"6086",3,18.3647647698746
"6087",3,59.9773148595278
"6088",3,58.7764437169136
"6089",3,37.6581847028961
"6090",3,38.2657617228797
"6091",3,47.5701447060703
"6092",3,44.9076336328751
"6093",3,45.8891489069796
"6094",3,63.1695281771632
"6095",3,45.7471832411627
"6556",3,41.1768280591996
"6557",3,43.4557427919405
"6558",3,59.3915618630844
"6559",3,47.0493222588565
"6560",3,47.2237376473604
"6561",3,39.1600328881179
"6562",3,43.9315308129026
"6563",3,42.6656516798963
"6564",3,50.8784622529873
"6565",3,40.6378382637309
"6566",3,38.5641578176604
"6567",3,41.5638626031451
"6568",3,36.6879027464728
"6569",3,67.4793395128196
"6570",3,29.923578054079
"6571",3,61.3657069062644
"6572",3,42.4268701687037
"6573",3,21.0758355465256
"6574",3,35.6606948927347
"6575",3,60.3747657183973
"6576",3,27.5632739045398
"6577",3,44.3850509620134
"6578",3,28.206537211207
"6579",3,43.6726683556272
"6580",3,58.1051487478155
"6581",3,39.860997390622
"6582",3,56.9838535258259
"6583",3,53.269376173499
"6584",3,61.3100907162919
"6585",3,63.5059077737347
"6586",3,57.7116093631203
"6587",3,48.0835683668477
"6588",3,43.4150988941847
"6589",3,44.4564390477433
"6590",3,47.6839611705758
"6591",3,31.6202239347114
"6592",3,35.0776908741772
"6593",3,36.2198159877761
"6594",3,35.9069473994011
"6595",3,38.8876019983276
"6596",3,41.8229681220608
"6597",3,32.7838896079637
"6598",3,19.4073785840341
"6599",3,76.7523574050821
"6600",3,32.5426964825834
"6601",3,58.0770571988013
"6602",3,34.8046837317519
"6603",3,49.7152677423075
"6604",3,40.7485879229968
"6605",3,51.2694639614947
"6606",3,22.4907031882998
"6607",3,45.8668806199011
"6608",3,40.5857904306924
"6609",3,64.4975267365627
"6610",3,38.2617555526025
"6611",3,37.5575837034514
"6612",3,22.5753602506586
"6613",3,44.8282844629975
"6614",3,51.5410010119376
"6615",3,39.4843724362472
"6616",3,35.2066767522284
"6617",3,47.6402297652286
"6618",3,28.5237867469571
"6619",3,46.9751224023138
"6620",3,57.9135652534785
"6621",3,40.389197364944
"6622",3,37.5547381666414
"6623",3,38.0394967883612
"6624",3,49.5070753490509
"6625",3,27.7599106748923
"6626",3,32.2564412599756
"6627",3,25.6476080989867
"6628",3,39.0726107519955
"6629",3,42.0594575028364
"6630",3,43.7421537224569
"6631",3,40.3436335328425
"6632",3,22.6574734355409
"6633",3,27.7195049358334
"6634",3,38.7059657941564
"6635",3,46.4129212293643
"6636",3,45.1619813630791
"6637",3,30.0394426991143
"6638",3,58.0705666313122
"6639",3,43.183659285817
"6640",3,38.0384688273086
"6641",3,46.3102760201094
"6642",3,55.2639861916661
"6643",3,51.2799794646051
"6644",3,37.4603619871337
"6645",3,28.6779238688292
"6646",3,55.4297398527639
"6647",3,30.0768092035946
"6648",3,34.0093277682274
"6649",3,60.1910515151044
"6650",3,35.8713887267707
"6651",3,39.2141190931686
"6652",3,49.3136993473473
"6653",3,63.5507613226918
"6654",3,30.7206815156726
"6655",3,53.4958612783964
"6656",3,42.1821834942977
"6657",3,65.1155326352681
"6658",3,57.0439585649856
"6659",3,41.9443079381951
"6660",3,33.2331050135335
"6661",3,27.5105803295329
"6662",3,30.4470936783345
"6663",3,36.893885429035
"6664",3,28.4109150554777
"6665",3,40.6622979158091
"6666",3,35.7692165554584
"6667",3,75.9396598330058
"6668",3,59.4020834765861
"6669",3,49.8448597395099
"6670",3,35.4993671317255
"6786",3,53.4345699164426
"6787",3,50.3193450847984
"6788",3,38.3888218364911
"6789",3,41.8603268235972
"6790",3,29.3594898440728
"6791",3,43.0957904859158
"6792",3,48.2919457136424
"6793",3,43.3127448293843
"6794",3,45.539382071041
"6795",3,18.1503688735444
"6796",3,46.5662928896471
"6797",3,38.3124099723515
"6798",3,27.8728891810475
"6799",3,38.636505211168
"6800",3,45.1899871792463
"6801",3,31.0271815280041
"6802",3,42.8564883382083
"6803",3,28.700528619817
"6804",3,29.6960214037348
"6805",3,72.6294221228936
"6806",3,53.9896789330516
"6807",3,24.8551209727584
"6808",3,39.4453248575921
"6809",3,44.3661438699583
"6810",3,38.5606690869301
"6811",3,59.3240979451785
"6812",3,81.8579375582885
"6813",3,35.2572149517071
"6814",3,55.1326047528734
"6815",3,59.7215951058263
"6816",3,48.315290135671
"6817",3,49.2727336830003
"6818",3,61.605023920973
"6819",3,44.2240254881726
"6820",3,21.4182137215299
"6821",3,48.9266399282014
"6822",3,27.6139217870597
"6823",3,34.8685677223803
"6824",3,39.4214469904352
"6825",3,20.2703815141405
"6826",3,40.140344432335
"6827",3,55.8261596279149
"6828",3,34.7445684900486
"6829",3,25.7102906646386
"6830",3,38.630264949836
"6831",3,35.3225827916415
"6832",3,46.9192762056121
"6833",3,34.7590856063626
"6834",3,33.8398146062408
"6835",3,47.6015284055526
"6836",3,49.6567765643198
"6837",3,60.1840105264408
"6838",3,58.8134622915661
"6839",3,34.3645815295539
"6840",3,56.1307444195644
"6841",3,27.2521153627189
"6842",3,44.7695418347165
"6843",3,21.3450291479793
"6844",3,48.2938550190125
"6845",3,29.781671819073
"6846",3,41.5793264727342
"6847",3,46.3874261547373
"6848",3,25.5857245521502
"6849",3,56.0022554653225
"6850",3,59.3460633832449
"6851",3,46.4352932785572
"6852",3,28.1346526340417
"6853",3,25.7272205463123
"6854",3,25.5517581197417
"6855",3,36.8444254331852
"6856",3,41.143843484923
"6857",3,47.5346572866049
"6858",3,54.3380308764117
"6859",3,35.9749461840129
"6860",3,59.4252167744773
"6861",3,37.7835623193819
"6862",3,25.5774841937649
"6863",3,53.0239935869283
"6864",3,50.5864676620518
"6865",3,44.1826227468221
"6866",3,49.5866341093125
"6867",3,65.281300521822
"6868",3,38.2768763761873
"6869",3,57.8732920214753
"6870",3,35.5897623621585
"6871",3,64.4515930281141
"6872",3,40.3737250196797
"6873",3,39.5072547860754
"6874",3,51.5616812146982
"6875",3,51.3608824347612
"6876",3,65.4832799512614
"6877",3,49.2672352407327
"6878",3,57.8365990912365
"6879",3,52.5585349302281
"6880",3,36.4370494149864
"6881",3,62.3337899172675
"6882",3,30.8903266420033
"6883",3,58.0652765874114
"6884",3,31.6779506279616
"6885",3,57.3508238840078
"6886",3,41.0746552851542
"6887",3,43.0436918234649
"6888",3,74.9872737761611
"6889",3,33.1714220170958
"6890",3,58.5077365178118
"6891",3,34.0929730538152
"6892",3,42.9055067795611
"6893",3,40.9252701526015
"6894",3,75.1900633995089
"6895",3,62.4211783143124
"6896",3,43.5946966328681
"6897",3,44.4095571244305
"6898",3,43.6818577320488
"6899",3,26.734056056586
"6900",3,23.9157376387158
"6901",3,40.0944101131816
"6902",3,39.860482208191
"6903",3,33.5526601363238
"6904",3,31.7089656568817
"6905",3,41.8608674623959
"6906",3,72.0278127898806
"6907",3,38.0163583833801
"6908",3,59.8778507305364
"6909",3,39.333774746605
"6910",3,46.8996191049162
"6911",3,80.0341557442675
"6912",3,46.6887334993874
"6913",3,34.4475251049077
"6914",3,23.7178037235569
"6915",3,36.0394123580755
"6916",3,57.6687915420599
"6917",3,36.6130000355398
"6918",3,54.6554540747844
"6919",3,39.4101414817081
"6920",3,26.5030686920936
"6921",3,22.0952277443663
"6922",3,30.4440553329444
"6923",3,42.6680142784291
"6924",3,36.2350166918393
"6925",3,32.8680440928264
"6926",3,43.7910323636622
"6927",3,29.5807206063683
"6928",3,57.1767315083191
"6929",3,35.0357688694381
"6930",3,40.2627199670657
"6931",3,31.5860637725666
"6932",3,50.4423781234917
"6933",3,47.8525196435699
"6934",3,36.8612766265366
"6935",3,21.490921362263
"6936",3,44.7683544446555
"6937",3,48.6072938163604
"6938",3,49.5829663011892
"6939",3,58.5422642755959
"6940",3,32.505822724727
"6941",3,33.4178451042891
"6942",3,27.698733602571
"6943",3,55.3416864689624
"6944",3,36.6835263389544
"6945",3,32.751051263092
"6946",3,41.9477468891641
"6947",3,40.0449212769671
"6948",3,34.5989132807347
"6949",3,75.7014924103652
"6950",3,33.3937853047075
"6951",3,60.1214576016216
"6952",3,51.2486857381409
"6953",3,72.6735118137416
"6954",3,44.0706171872711
"6955",3,42.6898366070954
"6956",3,34.8217002263445
"6957",3,28.4687920595985
"6958",3,38.6338980102046
"6959",3,35.0913985681655
"6960",3,36.0046796547817
"6961",3,47.8237617483725
"6962",3,36.8341252579232
"6963",3,11.9116125987515
"6964",3,39.8126137058507
"6965",3,45.1658289604429
"6966",3,41.6210705878209
"6967",3,45.3462056650718
"6968",3,36.7955552779222
"6969",3,56.9066925589139
"6970",3,38.1666487233185
"6971",3,36.6936760697808
"6972",3,56.4474276626811
"6973",3,61.0175525969877
"6974",3,37.1787515605864
"6975",3,40.8823033517626
"6976",3,33.7383053119756
"6977",3,44.3482115430169
"6978",3,71.2350762410966
"6979",3,55.6476488947562
"6980",3,51.957094496115
"6981",3,49.2167914035963
"6982",3,39.7790577306704
"6983",3,24.0760849918245
"6984",3,53.5891398257385
"6985",3,44.5575328878884
"6986",3,35.9713475644586
"6987",3,63.1205610805071
"6988",3,55.1469520895688
"6989",3,61.3191729303717
"6990",3,53.5635658001818
"6991",3,33.1498697394916
"6992",3,39.2246800112027
"6993",3,21.9758664513157
"6994",3,39.9129033497151
"6995",3,23.0963900898225
"6996",3,44.1032746551768
"6997",3,44.6898872312185
"6998",3,34.7972279337488
"6999",3,42.2546586607215
"7000",3,24.5048162878027
"7001",3,47.9170964286419
"7002",3,74.3954663387756
"7003",3,51.2771856614033
"7004",3,71.0169519809124
"7005",3,40.61762615342
"7006",3,38.9972305578569
"7007",3,60.2271504756361
"7008",3,49.8012535280664
"7009",3,54.4239614947045
"7010",3,40.769343349506
"7011",3,41.9280264538659
"7012",3,46.0443093690226
"7013",3,43.1589792346365
"7014",3,54.2692901259502
"7015",3,37.8060988392256
"7131",3,25.6061610287598
"7132",3,37.3436111663916
"7133",3,26.5236797895946
"7134",3,62.3376998648606
"7135",3,33.9833836193292
"7136",3,36.3325338057748
"7137",3,61.7663290585015
"7138",3,54.6213575096875
"7139",3,38.1214111819886
"7140",3,21.0816594355705
"7141",3,55.0068740862198
"7142",3,37.739261172633
"7143",3,33.7867352175664
"7144",3,35.72751435223
"7145",3,29.3056520289148
"7146",3,26.3466048239885
"7147",3,30.4227461060301
"7148",3,59.1170001326965
"7149",3,30.0751859214261
"7150",3,38.3550068380189
"7151",3,50.0900464879855
"7152",3,48.9028731341484
"7153",3,21.6574564824925
"7154",3,65.8651657617216
"7155",3,45.0208047142502
"7156",3,57.6995768785254
"7157",3,31.2220488411245
"7158",3,36.8212448586477
"7159",3,39.0471014393424
"7160",3,52.0585360479403
"7161",3,28.2753481888488
"7162",3,36.4466521009094
"7163",3,51.6381958666606
"7164",3,59.3068442396559
"7165",3,31.5680733814605
"7166",3,64.9507994247171
"7167",3,40.8040689375829
"7168",3,40.0258864302205
"7169",3,52.3893929629132
"7170",3,55.6464426987007
"7171",3,33.1924804998768
"7172",3,55.456665041848
"7173",3,31.0965956481751
"7174",3,55.0322255026295
"7175",3,35.8326132670715
"7176",3,32.8720149180945
"7177",3,58.7047297952535
"7178",3,49.2716682391695
"7179",3,28.3065297457999
"7180",3,55.5491676513706
"7181",3,39.0662234417958
"7182",3,50.7619788344275
"7183",3,49.0747052164345
"7184",3,30.871837865022
"7185",3,41.037443786221
"7186",3,42.2519618682058
"7187",3,36.9926629529641
"7188",3,21.2876380003004
"7189",3,36.1042868483009
"7190",3,49.5727147180845
"7191",3,57.1359585458286
"7192",3,60.1865798397594
"7193",3,53.0284271155511
"7194",3,39.9068383163573
"7195",3,38.0817635703758
"7196",3,35.2366814371569
"7197",3,56.6801959313099
"7198",3,34.9702560882586
"7199",3,45.3816055788295
"7200",3,56.5052988521758
"7201",3,47.6220330335239
"7202",3,45.1449595018689
"7203",3,37.1672807078919
"7204",3,28.8307967317405
"7205",3,38.9482256277141
"7206",3,32.1033759305087
"7207",3,44.481332620077
"7208",3,42.9950945325966
"7209",3,38.1968203437538
"7210",3,50.9388136619957
"7211",3,65.7337154493699
"7212",3,43.32229722708
"7213",3,50.3427164580451
"7214",3,30.2767501897089
"7215",3,41.2326969438267
"7216",3,42.9875919295967
"7217",3,49.0936658452028
"7218",3,47.9968112470636
"7219",3,44.9647266808367
"7220",3,48.0985542539996
"7221",3,31.7720816055393
"7222",3,45.2038343933044
"7223",3,24.418950721389
"7224",3,56.203909227793
"7225",3,52.5590923650546
"7226",3,41.902790667367
"7227",3,70.1522122195129
"7228",3,35.6208539143048
"7229",3,62.4239653976242
"7230",3,52.8286302224962
"7231",3,80.3706832928247
"7232",3,62.3648057379298
"7233",3,53.7878919465089
"7234",3,50.9822330098466
"7235",3,50.2353297469851
"7236",3,55.4391754958505
"7237",3,53.817654085495
"7238",3,61.1506869904741
"7239",3,40.7022429587827
"7240",3,71.7574696794831
"7241",3,42.2223710196877
"7242",3,27.4370600711105
"7243",3,62.4747060280932
"7244",3,26.3121966277063
"7245",3,43.0876922424951
"7361",3,55.7327244347809
"7362",3,47.66519668506
"7363",3,33.5144070970974
"7364",3,26.2536345823592
"7365",3,52.6907510034154
"7366",3,31.5625071671925
"7367",3,38.6685242536924
"7368",3,54.2189639126467
"7369",3,31.8038807716984
"7370",3,27.257325408535
"7371",3,75.0122232062769
"7372",3,35.9238757421847
"7373",3,72.1970694664363
"7374",3,36.6034219342853
"7375",3,48.6271392886589
"7376",3,50.0709809877774
"7377",3,28.7173671639166
"7378",3,33.4319105649879
"7379",3,73.6732529402763
"7380",3,42.2488883475942
"7381",3,58.7308204692518
"7382",3,24.3120600992006
"7383",3,56.5858512441513
"7384",3,38.6176729234128
"7385",3,40.2388046357203
"7386",3,35.7515218972627
"7387",3,41.5947300209452
"7388",3,45.2154884582641
"7389",3,23.4838852672453
"7390",3,32.7078567313899
"7391",3,48.9948757728896
"7392",3,40.9440612757125
"7393",3,43.9930596899233
"7394",3,38.6682581443947
"7395",3,61.4650498738322
"7396",3,42.5945379121843
"7397",3,41.5061015156493
"7398",3,52.6546211168891
"7399",3,82.6714437113689
"7400",3,50.3979913974659
"7401",3,60.4380972811235
"7402",3,32.4401966924207
"7403",3,43.5723164886128
"7404",3,36.2776572549887
"7405",3,55.9510738395575
"7406",3,44.5479136197184
"7407",3,51.9000804148849
"7408",3,91.3886690626515
"7409",3,34.337494410185
"7410",3,50.5296806155622
"7411",3,30.2471466841467
"7412",3,33.5038233104121
"7413",3,59.525535110123
"7414",3,41.454482941297
"7415",3,47.5327527094632
"7416",3,33.6680189035968
"7417",3,40.8371097258829
"7418",3,30.6822663308062
"7419",3,51.1469922732612
"7420",3,31.4597485553884
"7421",3,38.4123759599997
"7422",3,37.0267697513797
"7423",3,44.7017367013727
"7424",3,37.3744419547664
"7425",3,27.5415435476156
"7426",3,46.474696796909
"7427",3,53.8110311630347
"7428",3,69.8148507789923
"7429",3,26.0259259328095
"7430",3,65.1888343435779
"7431",3,30.2979029222244
"7432",3,40.0988172070463
"7433",3,28.3757953304956
"7434",3,67.1116041592854
"7435",3,44.4843757798787
"7436",3,41.9937445276711
"7437",3,48.7712739932806
"7438",3,95.5387018512407
"7439",3,34.3541799382439
"7440",3,48.9353753686486
"7441",3,43.8936870027708
"7442",3,44.9229908306984
"7443",3,59.6653856318471
"7444",3,45.3722764023828
"7445",3,41.5133189540322
"7446",3,46.9881680849063
"7447",3,33.6974682219861
"7448",3,73.8462812384022
"7449",3,73.5397860174499
"7450",3,32.764629538583
"7451",3,22.1604566524519
"7452",3,75.399991182877
"7453",3,49.6039279319687
"7454",3,26.4638053383547
"7455",3,32.6049864258361
"7456",3,30.2405973283847
"7457",3,44.3699649453089
"7458",3,38.965905286429
"7459",3,64.2690183246289
"7460",3,73.5776993978665
"7461",3,56.1965568702765
"7462",3,42.2818280498028
"7463",3,59.710850514191
"7464",3,33.3135067227024
"7465",3,34.4324869694348
"7466",3,42.8985356788373
"7467",3,40.1156034767349
"7468",3,33.0017659533893
"7469",3,47.7999242655368
"7470",3,34.7197027112432
"7471",3,59.9973287916865
"7472",3,38.0127221494115
"7473",3,37.8930989108506
"7474",3,41.7110697238432
"7475",3,64.0350381644491
"7591",3,58.4101649538747
"7592",3,43.9086276467265
"7593",3,21.9578490310499
"7594",3,32.2229093780295
"7595",3,53.4250731790114
"7596",3,53.8792490889602
"7597",3,25.8218021188386
"7598",3,42.7393072724934
"7599",3,22.3635241442448
"7600",3,55.7964251216417
"7601",3,49.6052146719376
"7602",3,71.305298664399
"7603",3,39.1351172814925
"7604",3,49.7158563318537
"7605",3,33.9812424094156
"7606",3,30.7373229927239
"7607",3,57.3803664672003
"7608",3,56.4237967749762
"7609",3,47.2071409511448
"7610",3,49.0674675138489
"7611",3,47.0073031106928
"7612",3,48.3596531651822
"7613",3,45.1814005739092
"7614",3,27.3040472330332
"7615",3,21.2319479894553
"7616",3,27.3163106281506
"7617",3,61.96534556706
"7618",3,29.3025859539365
"7619",3,51.2499616580289
"7620",3,54.3785241315448
"7621",3,45.1044250498304
"7622",3,47.1069765842955
"7623",3,52.0328956580685
"7624",3,68.1389882838831
"7625",3,42.5414059247625
"7626",3,38.5436404755755
"7627",3,34.7408962447085
"7628",3,56.6700512373467
"7629",3,43.9710644595198
"7630",3,59.200006029696
"7631",3,26.9953282515804
"7632",3,36.7295891547815
"7633",3,39.2771129397566
"7634",3,49.8004578343346
"7635",3,52.0880416608644
"7636",3,39.7308108167735
"7637",3,45.711147968839
"7638",3,28.9186154447795
"7639",3,77.0686828853793
"7640",3,39.1780533573027
"7641",3,41.2567541131486
"7642",3,37.9895750623065
"7643",3,30.6254639558801
"7644",3,55.5277678102672
"7645",3,22.7671091175035
"7646",3,38.4178426436116
"7647",3,44.2783040774413
"7648",3,25.8739022789637
"7649",3,58.8666873183019
"7650",3,36.4104659103539
"7651",3,52.1755582890414
"7652",3,22.7564442173672
"7653",3,38.9248723998515
"7654",3,43.4897756928954
"7655",3,27.0002529185758
"7656",3,56.3601644941519
"7657",3,46.3657882154396
"7658",3,41.3038225947501
"7659",3,45.0259127326457
"7660",3,41.8442001353947
"7661",3,52.3428201031622
"7662",3,45.0798843900251
"7663",3,67.3005381903059
"7664",3,37.2075774532609
"7665",3,55.6161616409637
"7666",3,44.5030813533922
"7667",3,79.7768495226624
"7668",3,42.9419890994691
"7669",3,44.3269974093336
"7670",3,37.9965238708465
"7671",3,20.5471794366618
"7672",3,21.4540605860215
"7673",3,40.7591963449931
"7674",3,43.8262280233528
"7675",3,33.9656104473418
"7676",3,51.4909817925584
"7677",3,64.0332976308081
"7678",3,70.6419544592712
"7679",3,19.8251285169179
"7680",3,54.5663115842133
"7681",3,56.8113008555269
"7682",3,52.6985889713861
"7683",3,59.8868768361302
"7684",3,40.6107391239986
"7685",3,38.8064529121156
"7686",3,58.0308290858532
"7687",3,34.1221501879643
"7688",3,55.9202497710962
"7689",3,32.7071075630616
"7690",3,35.1612438143687
"7691",3,33.8609258355637
"7692",3,55.7551748842477
"7693",3,41.7645221721787
"7694",3,50.2986638643323
"7695",3,84.424958214372
"7696",3,30.6148259188815
"7697",3,63.406813166574
"7698",3,51.6163624107985
"7699",3,42.7763488566649
"7700",3,28.6763872497449
"7701",3,95.2810458164746
"7702",3,24.1419242743765
"7703",3,33.1210919630499
"7704",3,59.8533748031587
"7705",3,25.0874852353162
"8051",3,30.3764150056653
"8052",3,24.2358485557407
"8053",3,50.0397292720754
"8054",3,47.8842267902395
"8055",3,48.5994997039972
"8056",3,59.8102048110666
"8057",3,42.0922697233785
"8058",3,65.436096746738
"8059",3,29.218649721196
"8060",3,34.0212540629234
"8061",3,32.9725471127734
"8062",3,37.683048362765
"8063",3,31.5828466187733
"8064",3,51.9181913759732
"8065",3,40.8630305117158
"8066",3,59.594907941324
"8067",3,25.3433478359734
"8068",3,25.2940071285878
"8069",3,34.0928618410465
"8070",3,31.9157266088923
"8071",3,25.3900441891918
"8072",3,48.1131553427282
"8073",3,52.3364308385052
"8074",3,63.2488060291948
"8075",3,49.9015803161187
"8076",3,48.6900819669591
"8077",3,62.9926302937852
"8078",3,37.5443317162884
"8079",3,44.3172392535459
"8080",3,46.6079925302872
"8081",3,84.351906475428
"8082",3,48.6703594730855
"8083",3,32.8879031466224
"8084",3,49.2243698383681
"8085",3,29.0339175865152
"8086",3,29.3504465429285
"8087",3,61.3316158352622
"8088",3,28.7608785793537
"8089",3,24.971379609703
"8090",3,36.5546648985602
"8091",3,34.6296794472712
"8092",3,46.95373949171
"8093",3,39.4173669521847
"8094",3,90.5638535643622
"8095",3,63.5188453328311
"8096",3,21.2828194638447
"8097",3,47.0425223163561
"8098",3,37.2717037980365
"8099",3,54.0131045431171
"8100",3,30.3815852850509
"8101",3,35.9570165552746
"8102",3,43.5289270911824
"8103",3,48.3670137742123
"8104",3,24.1753966349091
"8105",3,37.5013643025022
"8106",3,20.918743944537
"8107",3,50.3371525873815
"8108",3,34.2521269080905
"8109",3,64.3732732885766
"8110",3,60.8261807037773
"8111",3,32.9301691351608
"8112",3,47.5208199185795
"8113",3,60.6229002572792
"8114",3,49.1561352948922
"8115",3,29.4003597842156
"8116",3,21.448708410629
"8117",3,45.9742682909787
"8118",3,33.6385592008468
"8119",3,64.2335162328881
"8120",3,32.4967202805281
"8121",3,52.0323210323145
"8122",3,56.6394993733787
"8123",3,54.3448977222676
"8124",3,23.880425324713
"8125",3,25.8359737531601
"8126",3,36.2826653273405
"8127",3,58.4189498186474
"8128",3,61.8907686602242
"8129",3,73.5017983155713
"8130",3,31.3077197534349
"8131",3,34.3919224710959
"8132",3,42.2390086951373
"8133",3,61.9696959311774
"8134",3,21.9482036464818
"8135",3,28.2579218692379
"8136",3,71.344537290928
"8137",3,54.1490073193942
"8138",3,20.1653045069661
"8139",3,58.9453656791398
"8140",3,48.0160883568405
"8141",3,33.8658610863958
"8142",3,42.4910098900225
"8143",3,51.8052992003024
"8144",3,47.5264598394002
"8145",3,54.3373627213661
"8146",3,67.2693290930787
"8147",3,48.0781973510964
"8148",3,25.7649662819999
"8149",3,43.4053899106313
"8150",3,18.3592198282423
"8151",3,39.3812498228694
"8152",3,32.7363050635502
"8153",3,31.3493284267509
"8154",3,34.8324483875995
"8155",3,121.737434679931
"8156",3,30.5555468624329
"8157",3,31.498588169292
"8158",3,37.6437017657173
"8159",3,37.6076931629177
"8160",3,109.291612836172
"8161",3,42.2167265428396
"8162",3,40.5788742817941
"8163",3,36.5773980269645
"8164",3,59.8512491464992
"8165",3,39.7737599731348
"8741",3,45.5065002752347
"8742",3,46.7221703004323
"8743",3,41.1492051355636
"8744",3,52.0339521356762
"8745",3,74.6284915210966
"8746",3,46.9039846868316
"8747",3,40.8546202270863
"8748",3,39.7720583259249
"8749",3,28.5559622278345
"8750",3,44.984632980357
"8751",3,26.4385886907861
"8752",3,29.5800451156512
"8753",3,64.992362916893
"8754",3,25.263574173267
"8755",3,79.127285944297
"8756",3,52.8378043792077
"8757",3,71.6571712569903
"8758",3,49.007996009607
"8759",3,40.0835194777211
"8760",3,70.1843454523776
"8761",3,42.8417372485552
"8762",3,37.1554899846381
"8763",3,35.2453342330826
"8764",3,35.6518984521558
"8765",3,48.9535961445871
"8766",3,48.146672564781
"8767",3,43.4442958412597
"8768",3,22.6897678483082
"8769",3,29.331222986575
"8770",3,19.1774289397783
"8771",3,28.2848832431823
"8772",3,73.3223034072965
"8773",3,66.9881324463907
"8774",3,33.5677321612667
"8775",3,61.9856895232771
"8776",3,40.7454690072843
"8777",3,40.1817072479482
"8778",3,58.6068828108688
"8779",3,40.8479263872719
"8780",3,61.2967340060558
"8781",3,46.6651150479769
"8782",3,30.7359485467587
"8783",3,48.3192736713742
"8784",3,42.0745073022262
"8785",3,36.0049884884525
"8786",3,39.8424343604378
"8787",3,42.6966654317312
"8788",3,51.6785768098763
"8789",3,43.5372964554568
"8790",3,45.4568661210396
"8791",3,27.7428138008347
"8792",3,40.0879548208026
"8793",3,41.1418299163905
"8794",3,37.9013580507123
"8795",3,37.3698083696778
"8796",3,42.7080888797673
"8797",3,42.5986136763132
"8798",3,49.3496475912357
"8799",3,65.4478419834704
"8800",3,39.6800169149557
"8801",3,39.0887173302538
"8802",3,78.7015344227228
"8803",3,37.2999538602932
"8804",3,35.5470364008042
"8805",3,49.894214330629
"8806",3,40.7330874899027
"8807",3,49.4312843689171
"8808",3,53.9797125347517
"8809",3,94.0962268375709
"8810",3,61.6668202610598
"8811",3,56.7468709121295
"8812",3,46.8598773850794
"8813",3,37.4370250299737
"8814",3,43.2511829858879
"8815",3,30.2237904297074
"8816",3,54.6123671862759
"8817",3,51.735189478167
"8818",3,62.6537375990713
"8819",3,30.5424713423494
"8820",3,39.1420583255346
"8821",3,30.830176529679
"8822",3,39.7920176088805
"8823",3,45.5033664683692
"8824",3,54.898706942928
"8825",3,46.756192671424
"8826",3,34.7799767465398
"8827",3,41.3736239368037
"8828",3,30.9639688695228
"8829",3,48.3305292343592
"8830",3,50.7951004285652
"8831",3,27.9651787870235
"8832",3,53.8455866635639
"8833",3,56.616505636855
"8834",3,52.0547649250819
"8835",3,55.6785816617863
"8836",3,31.1645991520349
"8837",3,31.7028074842898
"8838",3,63.3804080968307
"8839",3,53.2584866750288
"8840",3,38.5872271327994
"8841",3,51.224112051409
"8842",3,72.5846464859398
"8843",3,45.1641755478733
"8844",3,37.3654840291347
"8845",3,35.2295811391777
"8846",3,28.9756186340747
"8847",3,45.4073321590664
"8848",3,49.8749828481071
"8849",3,44.9382413950235
"8850",3,47.5272522396206
"8851",3,40.5603804232006
"8852",3,49.2770528579674
"8853",3,32.4149231232891
"8854",3,39.6477032777132
"8855",3,42.0386088086334
"8856",3,63.3195419113048
"8857",3,20.7649422690007
"8858",3,82.1708853559093
"8859",3,33.8494395615823
"8860",3,59.0505624532249
"8861",3,39.0943200322809
"8862",3,38.8228733174978
"8863",3,40.8371172684547
"8864",3,17.9150480515022
"8865",3,96.0359758716896
"8866",3,46.1554584913486
"8867",3,52.3396331309354
"8868",3,35.0759774893991
"8869",3,33.5977238624103
"8870",3,63.886405927561
"8871",3,54.2471651395776
"8872",3,59.7204102100707
"8873",3,38.4615340610476
"8874",3,27.1506115023644
"8875",3,34.922689185365
"8876",3,69.6805929618997
"8877",3,24.9422235657526
"8878",3,71.7389529907523
"8879",3,36.310086016598
"8880",3,24.9645692548071
"8881",3,29.1235134271773
"8882",3,47.4861751637954
"8883",3,38.8228177459321
"8884",3,16.8452909340895
"8885",3,37.8042608897987
"8886",3,67.9106819030183
"8887",3,38.1215860385007
"8888",3,67.5167375790786
"8889",3,34.0441694660429
"8890",3,53.446314951146
"8891",3,38.0591341334677
"8892",3,56.1663416837226
"8893",3,22.4912445008208
"8894",3,45.3833087328001
"8895",3,63.9430526882385
"8896",3,32.2331481122211
"8897",3,69.5547134940621
"8898",3,37.3541903860491
"8899",3,35.4577479613176
"8900",3,29.4092152381902
"8901",3,50.7652007843672
"8902",3,29.4388446255818
"8903",3,26.4031773601498
"8904",3,39.2462692585985
"8905",3,23.4005282668566
"8906",3,31.7647685443881
"8907",3,75.3611952814595
"8908",3,43.2076695081823
"8909",3,55.3320509707792
"8910",3,24.4696619770339
"8911",3,19.8513655677324
"8912",3,57.026685061318
"8913",3,43.9064972525087
"8914",3,68.8755782762235
"8915",3,58.4415187198556
"8916",3,19.5008425367994
"8917",3,61.1948460548972
"8918",3,30.3602448221923
"8919",3,41.3984019229262
"8920",3,46.1928138291274
"8921",3,34.0537264108739
"8922",3,33.0949885080381
"8923",3,42.7266760881582
"8924",3,46.3268306000668
"8925",3,24.6924397174224
"8926",3,71.7970650758291
"8927",3,63.7636474095637
"8928",3,38.2697275040077
"8929",3,23.842428926004
"8930",3,58.1235624034304
"8931",3,76.7605387615695
"8932",3,29.3258513841262
"8933",3,44.8023660830171
"8934",3,25.9910187599176
"8935",3,36.19740566215
"8936",3,51.689784861055
"8937",3,26.0563522059072
"8938",3,29.541078175373
"8939",3,37.9918467685966
"8940",3,35.6879125664753
"8941",3,42.8104642546646
"8942",3,41.0109752370156
"8943",3,21.5381176980304
"8944",3,27.6928469410031
"8945",3,44.5850882166277
"8946",3,49.2380112804577
"8947",3,65.6375921520181
"8948",3,51.0472075288705
"8949",3,42.2403570265495
"8950",3,51.3390040442846
"8951",3,29.5230112562472
"8952",3,19.0256294584113
"8953",3,39.3635136733139
"8954",3,38.7308102785985
"8955",3,32.4886914300367
"8956",3,19.3299392831062
"8957",3,26.8535657049089
"8958",3,66.4322331498887
"8959",3,29.3475036990039
"8960",3,42.266641869787
"8961",3,38.1412954559474
"8962",3,70.1241567632395
"8963",3,44.5461666160141
"8964",3,76.9532528494439
"8965",3,58.4668404357806
"8966",3,25.1455049915769
"8967",3,44.0489343086413
"8968",3,49.089139284009
"8969",3,34.6428867800451
"8970",3,37.5857106883146
"8971",3,42.9421546134747
"8972",3,21.8315351495525
"8973",3,20.1322725452989
"8974",3,33.6401429863274
"8975",3,48.7633981597375
"8976",3,59.9032122644794
"8977",3,18.0014975566485
"8978",3,39.7183649518575
"8979",3,31.4878545930959
"8980",3,35.0744112003652
"8981",3,57.5523307774609
"8982",3,76.6876310613218
"8983",3,38.2759861146651
"8984",3,43.2272164330177
"8985",3,23.3403608207369
"8986",3,93.0958762125146
"8987",3,42.1448276106525
"8988",3,52.9797186632082
"8989",3,49.1385149089503
"8990",3,27.8942901770323
"8991",3,44.822869921692
"8992",3,27.3335763521042
"8993",3,43.9269174448185
"8994",3,46.8957295535795
"8995",3,30.8700494779596
"8996",3,26.7662733757255
"8997",3,43.3915462891695
"8998",3,43.936990010197
"8999",3,44.0246560036233
"9000",3,74.9900658510464
"9001",3,34.8183613784733
"9002",3,35.451188459553
"9003",3,30.6588273268333
"9004",3,92.5523973900522
"9005",3,33.6073881813831
"9006",3,63.5207101807425
"9007",3,28.2861727449331
"9008",3,64.7614215705256
"9009",3,47.229511632337
"9010",3,32.5205002860382
"9011",3,46.8749842753041
"9012",3,59.9871492755782
"9013",3,56.5807326712082
"9014",3,45.6735927607441
"9015",3,37.1921857256143
"9016",3,24.2153930144842
"9017",3,30.7713058636719
"9018",3,29.4256233729882
"9019",3,51.417031697105
"9020",3,37.0700801772601
"9021",3,49.6150593579374
"9022",3,53.9279080367647
"9023",3,55.8065886003401
"9024",3,73.0986080935578
"9025",3,37.3816343111094
"9026",3,38.4064458248011
"9027",3,33.983322362159
"9028",3,63.2967695892852
"9029",3,37.1185803570203
"9030",3,41.8064190942046
"9031",3,34.9439554136042
"9032",3,39.2048208761138
"9033",3,46.780126069586
"9034",3,31.2077227230525
"9035",3,56.7474515844743
"9036",3,28.7681072527575
"9037",3,55.2489364514715
"9038",3,34.0501971134978
"9039",3,31.5183271984086
"9040",3,60.3611499507236
"9041",3,42.3959513320166
"9042",3,45.5376423058771
"9043",3,64.9876059519315
"9044",3,53.9601104137973
"9045",3,41.4727710690573
"9046",3,31.0767310742922
"9047",3,46.2451946270103
"9048",3,37.7215306996101
"9049",3,54.8956488175732
"9050",3,29.262332630899
"9051",3,33.9938731226518
"9052",3,95.5266437757842
"9053",3,63.5997165358729
"9054",3,29.8580174915674
"9055",3,36.092504041236
"9056",3,41.0836855551437
"9057",3,33.3160122721142
"9058",3,55.7020435783043
"9059",3,46.0400620012321
"9060",3,68.2495963705549
"9061",3,41.1267928290728
"9062",3,55.8917957714648
"9063",3,47.3918824504908
"9064",3,26.3895720735687
"9065",3,26.5273735321809
"9066",3,43.6587379626051
"9067",3,23.1389025270241
"9068",3,31.2706944284219
"9069",3,52.4785134796106
"9070",3,52.6073850448135
"9071",3,36.7054674166137
"9072",3,43.257540506983
"9073",3,28.762569626248
"9074",3,41.1375431758709
"9075",3,56.0353763196882
"9076",3,62.3549879660704
"9077",3,27.889005034265
"9078",3,37.9777087961407
"9079",3,40.5870355437942
"9080",3,44.7420622733631
"9081",3,27.8483809236839
"9082",3,44.7886081524405
"9083",3,49.9426130207051
"9084",3,68.4142528459464
"9085",3,29.0220754119566
"9201",3,21.4735539917187
"9202",3,40.5286754020256
"9203",3,82.7020300732289
"9204",3,40.7866285843798
"9205",3,52.1204300720108
"9206",3,37.8204915251059
"9207",3,66.4856413211007
"9208",3,52.8218246871908
"9209",3,41.500693893884
"9210",3,38.032892900801
"9211",3,36.7377144206931
"9212",3,32.679876484784
"9213",3,50.4167746420538
"9214",3,45.8773599252387
"9215",3,59.1748398271539
"9216",3,35.3208205115586
"9217",3,25.4082246443521
"9218",3,21.5582094108716
"9219",3,18.0446890091579
"9220",3,53.6999582584743
"9221",3,42.4246814723085
"9222",3,52.7593372503702
"9223",3,55.8130054868204
"9224",3,34.7868470681278
"9225",3,69.0825577226185
"9226",3,77.7494443523812
"9227",3,44.736184213941
"9228",3,39.4541403122147
"9229",3,51.3464407410506
"9230",3,56.0225818954327
"9231",3,63.4899359276315
"9232",3,53.2547168511397
"9233",3,40.9186197988443
"9234",3,47.595329661515
"9235",3,37.4078779632325
"9236",3,31.3664602530794
"9237",3,25.7937693923771
"9238",3,26.2992736959679
"9239",3,37.4489539672344
"9240",3,50.3197635018107
"9241",3,57.5352255014329
"9242",3,44.3565362794269
"9243",3,39.416152598612
"9244",3,22.9567811963565
"9245",3,39.3348316820536
"9246",3,31.9049158447427
"9247",3,27.2598633783107
"9248",3,29.5697942881171
"9249",3,37.1767694747654
"9250",3,37.8992024729256
"9251",3,60.3368903982971
"9252",3,80.8333769854654
"9253",3,49.4508398780952
"9254",3,41.062039895724
"9255",3,71.732081796596
"9256",3,50.8709681642245
"9257",3,45.9451361576996
"9258",3,61.4234067143838
"9259",3,24.837641986467
"9260",3,48.1996400331019
"9261",3,42.5373572030329
"9262",3,56.372893673214
"9263",3,32.4812387817242
"9264",3,35.4516060691832
"9265",3,58.555010514914
"9266",3,47.4867303036736
"9267",3,32.9626969469394
"9268",3,32.2486589328123
"9269",3,33.0747603280954
"9270",3,47.0765791805833
"9271",3,53.7692647303121
"9272",3,27.6828114446214
"9273",3,51.5669353567119
"9274",3,48.1960443934401
"9275",3,45.7649520567438
"9276",3,45.3710732937467
"9277",3,34.6313232489251
"9278",3,20.7123317696756
"9279",3,34.2741468205592
"9280",3,26.1062098820102
"9281",3,43.4679179149177
"9282",3,23.3158706014897
"9283",3,45.8441071447408
"9284",3,83.6008008701916
"9285",3,60.74397490974
"9286",3,57.6201385821151
"9287",3,39.8092073121444
"9288",3,34.2307904807638
"9289",3,26.2875681798178
"9290",3,51.4736616346297
"9291",3,53.9691134439209
"9292",3,55.0594804826169
"9293",3,34.4521460646943
"9294",3,37.7955271369616
"9295",3,25.6811419356188
"9296",3,42.265226524781
"9297",3,31.3304169743653
"9298",3,26.655365010205
"9299",3,28.899984243772
"9300",3,40.9243872000953
"9301",3,45.5979944035761
"9302",3,55.5773383910516
"9303",3,21.5657245492595
"9304",3,67.437055620991
"9305",3,31.5939991987758
"9306",3,47.2695628188933
"9307",3,57.4361626182762
"9308",3,31.97190249224
"9309",3,31.0501595683307
"9310",3,45.5778276902838
"9311",3,28.5123403441572
"9312",3,37.3128179554914
"9313",3,31.0263894447001
"9314",3,46.3439505536429
"9315",3,53.015199949636
"9546",3,38.2322435996261
"9547",3,65.3190615346448
"9548",3,79.1588269670638
"9549",3,33.5995200452992
"9550",3,28.3337371724024
"9551",3,41.5226305799679
"9552",3,26.0277778403524
"9553",3,34.76567836423
"9554",3,41.2032818830184
"9555",3,35.9031811707334
"9556",3,70.0874935818823
"9557",3,45.8088246437224
"9558",3,44.2510033758694
"9559",3,69.8446474441354
"9560",3,66.7731128998079
"9561",3,38.4418931667549
"9562",3,42.7306029798998
"9563",3,30.9632864754083
"9564",3,34.0034906948334
"9565",3,26.0880148253681
"9566",3,52.0843840294696
"9567",3,39.5727488632734
"9568",3,50.6762497177623
"9569",3,39.7798937685827
"9570",3,25.9330847103281
"9571",3,29.9132120335397
"9572",3,53.542245743689
"9573",3,33.1188074564018
"9574",3,26.302121737596
"9575",3,24.4907127971042
"9576",3,35.0793947975214
"9577",3,47.4162188050418
"9578",3,38.0687505889972
"9579",3,35.8270756111045
"9580",3,41.674335095419
"9581",3,43.6512334335149
"9582",3,56.7171742712302
"9583",3,43.4482437508192
"9584",3,40.8316147419855
"9585",3,37.7822628121463
"9586",3,30.4771890141372
"9587",3,40.8945731768436
"9588",3,26.9726824992155
"9589",3,65.9356734615169
"9590",3,45.3854768616918
"9591",3,21.8965753413879
"9592",3,27.7499922878726
"9593",3,52.8427902409101
"9594",3,19.0240628472177
"9595",3,52.5853635344453
"9596",3,46.7911809839818
"9597",3,33.6611127579499
"9598",3,35.2555868838167
"9599",3,27.4915885211969
"9600",3,28.6537839011247
"9601",3,37.7089112038347
"9602",3,25.8910918089646
"9603",3,38.7132636460953
"9604",3,35.4443485586007
"9605",3,44.6745758455432
"9606",3,49.7785745635211
"9607",3,46.1641696527093
"9608",3,51.4757217647956
"9609",3,44.7702545107248
"9610",3,34.5393949311348
"9611",3,39.4927474510243
"9612",3,63.9798461912875
"9613",3,68.4031283744358
"9614",3,49.0854038796229
"9615",3,30.1021818626627
"9616",3,47.196957753863
"9617",3,61.4852573858134
"9618",3,29.4985826883913
"9619",3,59.6646133280216
"9620",3,25.2371691695207
"9621",3,39.8857782428193
"9622",3,63.6652221649476
"9623",3,43.0449536037742
"9624",3,52.5165765706998
"9625",3,41.014218152829
"9626",3,32.8787286805211
"9627",3,63.2375316915927
"9628",3,47.4971970069184
"9629",3,36.3335985594827
"9630",3,27.9011189196443
"9631",3,46.9496962246697
"9632",3,37.4756807248448
"9633",3,53.1699280015194
"9634",3,57.7029732400045
"9635",3,73.3891441806903
"9636",3,42.6561792218872
"9637",3,44.7720317490134
"9638",3,37.4629079736014
"9639",3,33.745834813329
"9640",3,18.4492884490496
"9641",3,28.4428037418304
"9642",3,51.8249922424457
"9643",3,69.3554115951138
"9644",3,26.6441671330865
"9645",3,53.5514145668538
"9646",3,37.0195427783731
"9647",3,54.2651461151009
"9648",3,71.234597262848
"9649",3,30.9837955355595
"9650",3,20.5952279108734
"9651",3,38.6843084697497
"9652",3,52.6673490501136
"9653",3,56.8696403614363
"9654",3,49.5369014893692
"9655",3,40.7993609833522
"9656",3,100.747991815069
"9657",3,57.0219450706812
"9658",3,37.6113518995348
"9659",3,44.9886218221295
"9660",3,54.4991976747458
"9661",3,49.0656758893065
"9662",3,42.2314983265592
"9663",3,45.2066445520908
"9664",3,49.4048109269339
"9665",3,35.1260149745515
"9666",3,39.240845916816
"9667",3,54.3376158768925
"9668",3,37.1416118005865
"9669",3,51.7714955628637
"9670",3,29.3627769644993
"9671",3,56.1960376052975
"9672",3,62.3647293886762
"9673",3,36.7330971222348
"9674",3,24.8117748245437
"9675",3,46.8232502269447
"9676",3,45.968229440902
"9677",3,25.0770406379512
"9678",3,51.2091650203789
"9679",3,20.9700367814725
"9680",3,33.1053232416292
"9681",3,69.3935688221739
"9682",3,54.1150564099714
"9683",3,44.0313340056561
"9684",3,15.2210848803365
"9685",3,43.7139696040792
"9686",3,29.8330345455805
"9687",3,43.1312359299645
"9688",3,44.3111526549118
"9689",3,49.0479970418878
"9690",3,38.6049659721455
"9691",3,40.5424575248552
"9692",3,36.347114737572
"9693",3,44.2896708205106
"9694",3,34.4114453129034
"9695",3,51.3260324133825
"9696",3,31.0242666409881
"9697",3,27.3969281303498
"9698",3,41.4128424241248
"9699",3,36.715159971737
"9700",3,48.9615129837699
"9701",3,25.3193338099449
"9702",3,46.2046865652281
"9703",3,57.3518347447213
"9704",3,31.6953773291407
"9705",3,54.0289082031658
"9706",3,54.8458201939257
"9707",3,51.0942341735667
"9708",3,29.5226899695388
"9709",3,38.4870676141379
"9710",3,47.1148792060532
"9711",3,26.1566126931708
"9712",3,32.2122249858028
"9713",3,49.4781468718657
"9714",3,58.9552086789381
"9715",3,47.1545477434657
"9716",3,36.2339086229011
"9717",3,34.6050897442226
"9718",3,74.8621144143966
"9719",3,38.1521210814193
"9720",3,52.6846528569366
"9721",3,29.2055365770961
"9722",3,30.4914717039274
"9723",3,37.4046963483957
"9724",3,47.6064962460859
"9725",3,55.4559570709087
"9726",3,42.6821305465674
"9727",3,49.285391016304
"9728",3,41.2504836123975
"9729",3,47.395981077062
"9730",3,26.1503131345341
"9731",3,43.3284155920545
"9732",3,39.8443691747537
"9733",3,40.136356365161
"9734",3,34.7584997131093
"9735",3,70.9313808623521
"9736",3,32.2848751846904
"9737",3,38.8995052126074
"9738",3,32.3122317380704
"9739",3,38.9723207770816
"9740",3,49.3027166241092
"9741",3,19.4728103309923
"9742",3,40.1403871195391
"9743",3,38.7282758267593
"9744",3,29.0545862713741
"9745",3,40.4100408379732
"9746",3,46.2973570008749
"9747",3,46.1401699540313
"9748",3,36.1533009049706
"9749",3,83.0526090059362
"9750",3,38.2973008998649
"9751",3,24.6613160301978
"9752",3,35.5893484403088
"9753",3,57.0313008040891
"9754",3,33.2587746564968
"9755",3,41.6606274202129
"9756",3,37.4335900799119
"9757",3,34.0208122451487
"9758",3,63.2634637868027
"9759",3,22.4522798243452
"9760",3,42.2869270541646
"9761",3,40.303337129235
"9762",3,65.3447899263422
"9763",3,41.7729960502959
"9764",3,58.2880314290787
"9765",3,45.8493649512765
"9766",3,32.3240465259311
"9767",3,47.9287102437977
"9768",3,29.4588729276495
"9769",3,28.6159809042256
"9770",3,61.3871490448661
"9771",3,45.4929980348102
"9772",3,24.8074331772685
"9773",3,34.869719433865
"9774",3,51.3780680423146
"9775",3,46.4510820118255
"9776",3,36.8661056333674
"9777",3,31.1211186029386
"9778",3,39.0617465091035
"9779",3,56.1513714318053
"9780",3,35.4010122921798
"9781",3,57.0470586672381
"9782",3,52.0769106880048
"9783",3,39.1602447277112
"9784",3,22.7296465763429
"9785",3,32.4433617466243
"9786",3,52.0701937594687
"9787",3,72.6687079932086
"9788",3,54.9131486252848
"9789",3,30.6912592246495
"9790",3,45.8425649196163
"9791",3,37.5204702222203
"9792",3,35.4479190236573
"9793",3,29.5379387169626
"9794",3,33.1012614150108
"9795",3,55.0752820928102
"9796",3,73.9605465023705
"9797",3,51.9190613065518
"9798",3,28.7397590433684
"9799",3,33.7736089878685
"9800",3,78.6576812317357
"9801",3,36.6495401440304
"9802",3,32.868775634965
"9803",3,36.6918303906472
"9804",3,84.7840809777055
"9805",3,47.5744623811414
"9806",3,38.7893208201466
"9807",3,59.2168562060071
"9808",3,26.5735332266057
"9809",3,40.9982419777839
"9810",3,52.8315563269519
"9811",3,29.291780168498
"9812",3,36.3717512720069
"9813",3,48.5588725918251
"9814",3,26.6189635297923
"9815",3,21.0555518037737
"9816",3,38.7709217237803
"9817",3,77.1316175660176
"9818",3,32.7681169522552
"9819",3,26.6955151759621
"9820",3,40.9351536740695
"9821",3,61.7213248984282
"9822",3,31.1804491153975
"9823",3,51.5122061031772
"9824",3,38.8782204861536
"9825",3,21.5076084730885
"9826",3,41.7597107815946
"9827",3,47.373687005481
"9828",3,39.6705150313684
"9829",3,44.3044472085012
"9830",3,31.9801657431643
"9831",3,33.9048599670149
"9832",3,40.7532135191239
"9833",3,63.3157760890648
"9834",3,27.0095542732437
"9835",3,32.8797447428914
"9836",3,41.982601642554
"9837",3,28.1331809248319
"9838",3,27.1174765727531
"9839",3,38.7990036766925
"9840",3,36.2251459699723
"9841",3,50.546694298234
"9842",3,37.5432897874383
"9843",3,25.8213709210924
"9844",3,86.2283905527208
"9845",3,36.3467464761212
"9846",3,84.7500082545487
"9847",3,31.2463495351288
"9848",3,50.3142231420439
"9849",3,34.4742563157288
"9850",3,58.8348997667598
"9851",3,34.7185894848354
"9852",3,42.3496597671139
"9853",3,50.344493240501
"9854",3,38.222922077994
"9855",3,33.6850191985178
"9856",3,39.8708262119074
"9857",3,22.4129846356775
"9858",3,39.8798842031252
"9859",3,35.9338674673487
"9860",3,42.8655199300129
"9861",3,24.5266601691119
"9862",3,51.5756710275332
"9863",3,41.7179339114925
"9864",3,29.767505246189
"9865",3,62.4813963689795
"9866",3,40.7082728849928
"9867",3,23.5925221384416
"9868",3,67.5042917247824
"9869",3,35.2669130792657
"9870",3,45.2376414333282
"9871",3,68.8770900605269
"9872",3,52.0300181616834
"9873",3,43.3970264279519
"9874",3,46.2428079984961
"9875",3,35.9784512081817
"9876",3,55.9539046128254
"9877",3,45.461646232916
"9878",3,34.7057258991754
"9879",3,35.7731583715518
"9880",3,50.2159646246472
"9881",3,31.1154571029488
"9882",3,53.0434894134558
"9883",3,55.0167254630206
"9884",3,30.8358399228823
"9885",3,61.1969437110621
"9886",3,38.0125911726669
"9887",3,65.8187287728388
"9888",3,48.6561660934161
"9889",3,25.7837275652514
"9890",3,53.069446797664
"9891",3,32.6443137030887
"9892",3,36.7426209433917
"9893",3,47.9353609972076
"9894",3,58.4588845061185
"9895",3,36.4644672852252
"9896",3,44.2991363883304
"9897",3,25.0747617667949
"9898",3,20.3112953927722
"9899",3,22.2332900536756
"9900",3,32.6607606043175
"9901",3,58.1087145230647
"9902",3,31.2191881215046
"9903",3,30.8549086270804
"9904",3,38.7634878556518
"9905",3,29.5588943191091
"9906",3,51.1102676273999
"9907",3,45.3485872791568
"9908",3,52.6890808416407
"9909",3,31.267061936174
"9910",3,41.3426772576657
"9911",3,42.6945274733509
"9912",3,48.3899914681791
"9913",3,44.1987051617293
"9914",3,33.4862574887906
"9915",3,53.3360347104639
"9916",3,47.7005394096853
"9917",3,40.9880490232938
"9918",3,37.086509944476
"9919",3,54.1583721066948
"9920",3,71.2856946314586
"9921",3,66.0144779437668
"9922",3,36.6363184756526
"9923",3,41.1164854279645
"9924",3,36.51791211026
"9925",3,44.9869683584869
"9926",3,38.2364690754274
"9927",3,69.7413079990104
"9928",3,38.0710904147213
"9929",3,36.8952964904412
"9930",3,41.0246247387726
"9931",3,40.0887995019473
"9932",3,52.5793411537279
"9933",3,50.2451360400913
"9934",3,24.854950730292
"9935",3,34.3147727062542
"9936",3,37.0224887458453
"9937",3,56.7619225638705
"9938",3,42.2908377810534
"9939",3,49.7133635948044
"9940",3,41.5184403304712
"9941",3,36.9292263718522
"9942",3,52.2534935383379
"9943",3,83.4818852624942
"9944",3,42.6628054563219
"9945",3,11.9733036420178
"9946",3,31.0009360722631
"9947",3,39.5880390816293
"9948",3,25.0622383633811
"9949",3,47.0071376847486
"9950",3,35.1968504113079
"9951",3,52.7625849062622
"9952",3,56.7759470936587
"9953",3,22.7822290165012
"9954",3,50.6879225594374
"9955",3,57.2480951106923
"9956",3,34.077744097546
"9957",3,31.3380223320797
"9958",3,21.7648082044123
"9959",3,57.0931213188255
"9960",3,78.129049293726
"9961",3,41.0162394239239
"9962",3,59.5216484768816
"9963",3,61.6326089360435
"9964",3,43.9519108877904
"9965",3,43.1128526613007
"9966",3,77.470634979479
"9967",3,36.8332073038232
"9968",3,28.6724269477149
"9969",3,61.8267290795855
"9970",3,35.0315613522905
"9971",3,25.8110037758545
"9972",3,38.2012694323293
"9973",3,32.2598625354339
"9974",3,30.6134140760582
"9975",3,82.1213597517821
"9976",3,42.7055366613993
"9977",3,50.605347012385
"9978",3,20.3739479091456
"9979",3,43.9791838129124
"9980",3,22.9058054010262
"9981",3,49.3201119243042
"9982",3,53.2070979848508
"9983",3,37.0814798411797
"9984",3,35.7569555805094
"9985",3,63.3468276575982
"9986",3,29.5957378466405
"9987",3,46.8976438108165
"9988",3,49.6013463430927
"9989",3,53.4298498382668
"9990",3,40.9966781875868
"9991",3,44.7498968438757
"9992",3,30.8176427178571
"9993",3,56.7090115303427
"9994",3,35.1323480813235
"9995",3,30.2906088833884
"9996",3,37.8164024982671
"9997",3,33.2023181913423
"9998",3,59.0517443126292
"9999",3,34.4877440239738
"10000",3,84.3072860523674
"10001",3,40.3579456062614
"10002",3,56.4842110107038
"10003",3,35.3852455166473
"10004",3,45.687650424564
"10005",3,59.9583254339397
"10006",3,64.3725714252933
"10007",3,39.5072666708016
"10008",3,24.6617539030621
"10009",3,38.6751112021932
"10010",3,38.9623255984535
"10011",3,42.1596412065669
"10012",3,59.2234397101139
"10013",3,30.494953297379
"10014",3,24.3745562857394
"10015",3,53.9814459092583
"10016",3,42.1880433132467
"10017",3,47.5805854524273
"10018",3,27.2301658406017
"10019",3,33.802436769854
"10020",3,39.6684757852414
"10021",3,78.3303104661967
"10022",3,70.980298871989
"10023",3,43.0534723823551
"10024",3,58.8055740245019
"10025",3,35.3896125408989
"10026",3,37.6886507143446
"10027",3,41.3755044244074
"10028",3,26.3617695173799
"10029",3,42.4690436929887
"10030",3,45.7986699572419
"10031",3,29.3118604077077
"10032",3,25.8627693143621
"10033",3,99.9387447611956
"10034",3,36.4784742066962
"10035",3,48.9874055566275
"10036",3,35.9877611148051
"10037",3,67.5042028073335
"10038",3,37.7067864983764
"10039",3,49.1837131164397
"10040",3,53.5930941057553
"10041",3,35.7590332840077
"10042",3,34.615779430477
"10043",3,58.8135519720029
"10044",3,63.3260831867109
"10045",3,45.5911858663832
"10046",3,27.9118856113064
"10047",3,54.8160530297519
"10048",3,33.3183851507939
"10049",3,40.393699801967
"10050",3,64.0612453355322
"10051",3,24.2731300913475
"10052",3,53.5301901832371
"10053",3,46.6613393907892
"10054",3,46.3321773709484
"10055",3,46.2180887793485
"10056",3,38.6252621649001
"10057",3,44.6636533230456
"10058",3,38.1830097471146
"10059",3,46.0136061210758
"10060",3,34.8115138393607
"10061",3,46.9694981358361
"10062",3,66.0996128724776
"10063",3,31.1602206897003
"10064",3,36.5045245903027
"10065",3,35.442788672888
"10066",3,60.6003644316613
"10067",3,38.238980297842
"10068",3,57.4574911245759
"10069",3,41.8323586211128
"10070",3,34.520721657966
"10071",3,54.9480141780936
"10072",3,34.4740466560183
"10073",3,36.4746238743842
"10074",3,36.506452067735
"10075",3,56.9667517398289
"10076",3,78.7249213764244
"10077",3,27.0352215853112
"10078",3,32.0300717341646
"10079",3,30.1653079321667
"10080",3,27.7081481650312
"10081",3,45.0964995934249
"10082",3,44.6009253402823
"10083",3,37.7413967461349
"10084",3,36.103899167569
"10085",3,51.7098114302142
"10086",3,20.9139447155691
"10087",3,63.060660892139
"10088",3,44.0554843279864
"10089",3,55.2782305152915
"10090",3,41.48707950049
"10091",3,42.9290643071522
"10092",3,38.8259709379362
"10093",3,35.4793992126572
"10094",3,57.8352399510539
"10095",3,43.7363143256253
"10096",3,28.3041757240597
"10097",3,48.4053110399948
"10098",3,31.6813632588661
"10099",3,19.980807719139
"10100",3,40.9724178346308
"10101",3,41.2381390977794
"10102",3,49.048812674497
"10103",3,64.1816110434983
"10104",3,56.2257466345121
"10105",3,33.0881497338678
"10106",3,50.7199962461664
"10107",3,43.6068831959491
"10108",3,49.7166743843716
"10109",3,37.5322062110054
"10110",3,34.1617363821395
"10111",3,58.1634947398234
"10112",3,44.0843207901899
"10113",3,52.4248134259145
"10114",3,34.523365536827
"10115",3,15.6750397302295
"10116",3,36.5780483541095
"10117",3,44.5385463766385
"10118",3,76.5864386649513
"10119",3,42.1506018512209
"10120",3,19.0703032154766
"10121",3,36.4215620496758
"10122",3,30.6711012116322
"10123",3,49.7693625896848
"10124",3,39.2203519739351
"10125",3,51.9042884619181
"10126",3,56.0667624591618
"10127",3,31.3335357263555
"10128",3,58.667537425497
"10129",3,33.6059771799784
"10130",3,40.1483375450054
"10131",3,37.9131754860777
"10132",3,20.4201577056732
"10133",3,37.9361438249829
"10134",3,20.6600878232736
"10135",3,25.611010162896
"10136",3,45.3371211658024
"10137",3,47.2688638522974
"10138",3,52.5378287185102
"10139",3,34.2813257184518
"10140",3,49.6792969608798
"10141",3,60.2251560428847
"10142",3,36.6890960658291
"10143",3,50.7149219054057
"10144",3,24.0521927827301
"10145",3,37.6192309786177
"10146",3,42.4534470151094
"10147",3,49.8741121887768
"10148",3,31.2789296670866
"10149",3,39.1929849493887
"10150",3,44.1808431070108
"10151",3,56.105056582929
"10152",3,54.3313421484994
"10153",3,40.3858284879674
"10154",3,46.6445577095344
"10155",3,46.5946015138729
"10156",3,32.9181181682659
"10157",3,84.5536030144875
"10158",3,45.4623378241387
"10159",3,49.432255125969
"10160",3,27.1874188112106
"10161",3,39.46344947216
"10162",3,40.2062704749484
"10163",3,54.5197445139649
"10164",3,49.5832863083643
"10165",3,39.8641210948827
"10166",3,49.4500016380982
"10167",3,47.9331542723998
"10168",3,58.4369784539885
"10169",3,60.0138242746077
"10170",3,49.799432124259
"10171",3,28.9819938716461
"10172",3,38.5362311135343
"10173",3,37.8249781868662
"10174",3,67.1630758458185
"10175",3,39.7797891945341
"10176",3,34.4186913909798
"10177",3,75.8989654406543
"10178",3,67.8808139569236
"10179",3,41.0510235723907
"10180",3,49.8815945306046
"10181",3,29.0885746968583
"10182",3,51.017816291497
"10183",3,35.4427213318426
"10184",3,40.6510430682659
"10185",3,32.3108858754833
"10186",3,20.2213920124056
"10187",3,26.5355667224459
"10188",3,55.0932626562901
"10189",3,27.0115395573296
"10190",3,35.0314584387478
"10191",3,31.0229349565971
"10192",3,40.6430593906681
"10193",3,51.1479672849495
"10194",3,38.1625255468056
"10195",3,30.9837076346508
"10196",3,51.1534819696484
"10197",3,44.1316371933501
"10198",3,65.3531791623238
"10199",3,41.3971368122208
"10200",3,57.8377043209082
"10201",3,37.6368707883231
"10202",3,56.6191130588051
"10203",3,43.992559120394
"10204",3,35.7797764397217
"10205",3,43.531581469418
"10206",3,45.902604734181
"10207",3,70.1854587326225
"10208",3,58.1123892727934
"10209",3,37.1685818600722
"10210",3,42.0703754874431
"10211",3,53.8441162376447
"10212",3,25.5768430751533
"10213",3,45.5303622703153
"10214",3,45.9677798818263
"10215",3,60.739975357106
"10216",3,51.7651667903545
"10217",3,53.9879058347411
"10218",3,48.2938969645638
"10219",3,55.7749940339948
"10220",3,87.5446178637789
"10221",3,44.3379428883397
"10222",3,56.7701083920934
"10223",3,60.3370273011686
"10224",3,27.9236994248878
"10225",3,41.5609975708239
"10226",3,37.6827832790682
"10227",3,32.6217189506567
"10228",3,32.8327959900074
"10229",3,34.6761432203516
"10230",3,34.5693126427213
"10231",3,56.3660595139367
"10232",3,52.4963870288938
"10233",3,41.5508467800925
"10234",3,42.7519052905153
"10235",3,73.6904471926133
"10351",3,41.3924148220598
"10352",3,79.1154427575763
"10353",3,61.029500816872
"10354",3,60.8080459701007
"10355",3,52.8595911999387
"10356",3,38.5943368521375
"10357",3,48.2167840574953
"10358",3,41.4632440077344
"10359",3,31.4281574831147
"10360",3,47.0905090770744
"10361",3,32.3820543101902
"10362",3,84.2871997110278
"10363",3,38.6488309726763
"10364",3,42.2078271264828
"10365",3,28.5508076433083
"10366",3,27.5076315037822
"10367",3,52.2646614849672
"10368",3,50.0307363208811
"10369",3,62.8166603562254
"10370",3,32.2996134687714
"10371",3,35.9690539860803
"10372",3,83.5651866601602
"10373",3,54.7914803137696
"10374",3,43.0053156160843
"10375",3,36.9000863596253
"10376",3,36.1063822781282
"10377",3,33.4590923325501
"10378",3,55.164164249865
"10379",3,40.1138844187785
"10380",3,39.5561330243269
"10381",3,29.3534488633897
"10382",3,73.1697143421766
"10383",3,48.4031659522753
"10384",3,33.9127210987829
"10385",3,40.5823749741571
"10386",3,32.5219622027936
"10387",3,37.1723173582565
"10388",3,32.5101642950528
"10389",3,55.4811474287879
"10390",3,54.3922888198357
"10391",3,55.8366069168763
"10392",3,39.2615129352151
"10393",3,35.4722670987883
"10394",3,12.7134325645211
"10395",3,52.5030240648776
"10396",3,31.3161329369943
"10397",3,70.7350583517079
"10398",3,39.4943732739193
"10399",3,44.2462125264815
"10400",3,56.9143444725883
"10401",3,34.2552400092465
"10402",3,48.8611160829918
"10403",3,60.8366335858247
"10404",3,45.6324287606694
"10405",3,72.8447291139003
"10406",3,37.2657861468553
"10407",3,55.1318471114907
"10408",3,53.1906510336197
"10409",3,45.664471793665
"10410",3,62.9269260320127
"10411",3,40.6845528273935
"10412",3,40.408232670077
"10413",3,44.3777050590131
"10414",3,52.5511350410544
"10415",3,31.757945389428
"10416",3,27.9809092334732
"10417",3,30.5269338264859
"10418",3,36.0848477708199
"10419",3,55.4535702772646
"10420",3,48.0414213543489
"10421",3,43.5683010276246
"10422",3,54.5285244725654
"10423",3,59.0416561888618
"10424",3,24.9367825842951
"10425",3,40.9501403349401
"10426",3,39.7894354389468
"10427",3,62.8500477785825
"10428",3,37.4824331817229
"10429",3,44.4997372680436
"10430",3,60.0774964190964
"10431",3,65.4089614509627
"10432",3,54.0471861838642
"10433",3,41.879057029957
"10434",3,47.4509320904678
"10435",3,20.5023686466447
"10436",3,26.7054938966797
"10437",3,24.1437305984141
"10438",3,58.6750753673319
"10439",3,54.3152740961697
"10440",3,59.5158387429203
"10441",3,53.4427223477231
"10442",3,40.0233715359034
"10443",3,49.7755803162374
"10444",3,52.0031616089151
"10445",3,62.227911662835
"10446",3,33.0594623204455
"10447",3,47.5138220321053
"10448",3,27.4376579863532
"10449",3,22.5417226098338
"10450",3,25.435702323927
"10451",3,21.8564843481643
"10452",3,31.8929940190348
"10453",3,27.813286360783
"10454",3,72.7623958664626
"10455",3,53.9307757522107
"10456",3,39.3482310954296
"10457",3,37.4285633353963
"10458",3,66.0534889464553
"10459",3,46.1637645694263
"10460",3,33.0209236323589
"10461",3,40.889575033977
"10462",3,43.1453857716712
"10463",3,41.1031097756932
"10464",3,81.1243446799515
"10465",3,57.2751101531995
"11156",3,34.8592312063495
"11157",3,32.1311646723828
"11158",3,61.0622595949294
"11159",3,45.1237350236562
"11160",3,48.2746087641213
"11161",3,67.9609745392403
"11162",3,45.5172861480627
"11163",3,25.5728359509334
"11164",3,48.8579656635253
"11165",3,66.9405597438145
"11166",3,35.9832772054981
"11167",3,88.2292271198427
"11168",3,45.9491372336429
"11169",3,46.0590648719205
"11170",3,48.5848489695924
"11171",3,59.1400821154148
"11172",3,30.4725023679883
"11173",3,65.1829779937427
"11174",3,67.3717707891189
"11175",3,65.6249032784654
"11176",3,47.7956721667376
"11177",3,17.224207800477
"11178",3,42.539910651492
"11179",3,51.4551538007953
"11180",3,54.4197987671003
"11181",3,46.3241894691012
"11182",3,65.0650130082413
"11183",3,55.0511591144349
"11184",3,42.578739762939
"11185",3,34.8584042127314
"11186",3,31.7758252902885
"11187",3,64.8376085450598
"11188",3,46.5034498864769
"11189",3,63.9313976049774
"11190",3,21.7280265208987
"11191",3,34.2120036542346
"11192",3,20.7469489823723
"11193",3,50.7450735339158
"11194",3,54.3935013856475
"11195",3,32.6220204761445
"11196",3,57.1359196352117
"11197",3,60.8336429819818
"11198",3,61.1987683374253
"11199",3,32.509063079054
"11200",3,38.8559165465297
"11201",3,61.6915960150708
"11202",3,43.1127600961311
"11203",3,69.3760202805925
"11204",3,61.6529054501568
"11205",3,58.9454746805458
"11206",3,30.1462651262335
"11207",3,54.3898336378507
"11208",3,43.8264532353935
"11209",3,64.4898067053519
"11210",3,31.271626590431
"11211",3,43.5072714449283
"11212",3,47.791266961527
"11213",3,49.5863459556268
"11214",3,38.0871516542395
"11215",3,75.5434131566299
"11216",3,49.2901121672692
"11217",3,29.2033575927879
"11218",3,18.0044961404169
"11219",3,43.9340047084876
"11220",3,54.3351849873187
"11221",3,52.7495816878369
"11222",3,42.9215413310082
"11223",3,37.6951456254783
"11224",3,38.3678563952171
"11225",3,54.3762324134221
"11226",3,38.1491814963285
"11227",3,68.1922886056792
"11228",3,35.8368758973087
"11229",3,75.258304095349
"11230",3,47.7225189214879
"11231",3,43.5450856056598
"11232",3,26.5356146567949
"11233",3,59.6734779059626
"11234",3,40.992650196449
"11235",3,33.6446839384414
"11236",3,29.4602208478172
"11237",3,42.4611726443724
"11238",3,36.6534146316133
"11239",3,57.3300613974788
"11240",3,47.9845507892868
"11241",3,30.3090316697955
"11242",3,36.5066704560512
"11243",3,42.0594691370934
"11244",3,46.4453131758515
"11245",3,34.4253845605917
"11246",3,62.1942765559288
"11247",3,36.2613585567146
"11248",3,40.7600627163491
"11249",3,47.1022665520822
"11250",3,45.2449890408355
"11251",3,33.0582193545659
"11252",3,43.2938033346264
"11253",3,58.0971928897862
"11254",3,26.7551276221427
"11255",3,33.5599920120725
"11256",3,64.2380760684845
"11257",3,71.9366253587846
"11258",3,49.2451177822674
"11259",3,16.6980895514892
"11260",3,51.1578098750668
"11261",3,41.5909920914505
"11262",3,54.5692167761024
"11263",3,39.3968624051827
"11264",3,28.7200884750494
"11265",3,36.6206641284636
"11266",3,39.7393183127736
"11267",3,33.0304239224324
"11268",3,55.2234945835096
"11269",3,42.2856183042869
"11270",3,43.7132844463812
"11616",3,81.8249052795266
"11617",3,41.5354221731596
"11618",3,33.0681854565203
"11619",3,37.2762690246958
"11620",3,37.3396040430132
"11621",3,53.8622052199045
"11622",3,28.5926723994708
"11623",3,34.6566412955614
"11624",3,54.5724179808895
"11625",3,44.3394945150253
"11626",3,86.6057144562869
"11627",3,45.9868301647735
"11628",3,34.1022073856476
"11629",3,30.8258404614861
"11630",3,62.2392085436474
"11631",3,32.9305848546734
"11632",3,44.6603258718235
"11633",3,34.5676378506484
"11634",3,60.8548568653409
"11635",3,52.5994168755525
"11636",3,43.9154876729921
"11637",3,66.0994060225673
"11638",3,25.0601432420044
"11639",3,40.8293173356614
"11640",3,27.3563254364573
"11641",3,45.802586972892
"11642",3,55.6162309440948
"11643",3,47.634630883012
"11644",3,32.0846085461796
"11645",3,38.214714865018
"11646",3,35.5555818298125
"11647",3,36.8717020275532
"11648",3,39.8457057214308
"11649",3,53.2883442123566
"11650",3,30.3109304677612
"11651",3,36.7424165410269
"11652",3,65.0916678633676
"11653",3,54.6120791157609
"11654",3,54.8870666375946
"11655",3,63.2623595213189
"11656",3,46.4288569602715
"11657",3,56.6283327868885
"11658",3,35.7650490402652
"11659",3,29.1068270972167
"11660",3,31.0723281367633
"11661",3,32.9028149299422
"11662",3,24.9200504353307
"11663",3,58.3869118268853
"11664",3,33.9775782649578
"11665",3,23.1810803529071
"11666",3,29.6804893851539
"11667",3,28.8376559504359
"11668",3,21.9541664816552
"11669",3,48.6726568669568
"11670",3,45.7754417500651
"11671",3,23.1194394356778
"11672",3,68.6440568471417
"11673",3,34.0573785929563
"11674",3,36.2457531522605
"11675",3,36.5348642594015
"11676",3,16.961100493578
"11677",3,46.9855507771906
"11678",3,39.9002535340023
"11679",3,38.208877512242
"11680",3,52.852431304705
"11681",3,46.9694724079924
"11682",3,34.4664530213914
"11683",3,38.4349493777807
"11684",3,24.7123059678643
"11685",3,95.2214654787887
"11686",3,29.9032510958388
"11687",3,33.7227971784893
"11688",3,69.1826878968551
"11689",3,47.2929967982601
"11690",3,27.1883310197013
"11691",3,49.6191323272157
"11692",3,34.5943511973383
"11693",3,39.3465938127744
"11694",3,56.1594737544849
"11695",3,30.4590919519676
"11696",3,31.7572530005169
"11697",3,43.3450708885999
"11698",3,27.5626619605151
"11699",3,42.2100114216063
"11700",3,25.062126891004
"11701",3,33.0497041829321
"11702",3,75.5075957157466
"11703",3,50.7437967127286
"11704",3,40.5406938520018
"11705",3,28.8960247334381
"11706",3,54.3200841083834
"11707",3,29.8604042023711
"11708",3,36.036974045125
"11709",3,29.8599214200951
"11710",3,34.5079957173088
"11711",3,54.6887755844439
"11712",3,34.6712225854042
"11713",3,66.4103218772409
"11714",3,45.8123275472669
"11715",3,42.4625363391268
"11716",3,27.3478841749248
"11717",3,47.2755911134678
"11718",3,41.3229685775443
"11719",3,51.9720097063597
"11720",3,30.8785451478089
"11721",3,70.0216217427951
"11722",3,47.5959100210347
"11723",3,31.1907678959244
"11724",3,43.3776774198053
"11725",3,43.9153266637099
"11726",3,47.116271136414
"11727",3,26.3870473520322
"11728",3,55.2230674293242
"11729",3,31.1832974942004
"11730",3,35.9716392270081
"11731",3,50.0934737388444
"11732",3,37.1312199629159
"11733",3,40.2659145847026
"11734",3,32.1878518958394
"11735",3,32.3605561557214
"11736",3,51.3185279234317
"11737",3,57.2922232465561
"11738",3,28.9346617566843
"11739",3,33.6968710514426
"11740",3,34.4266098158577
"11741",3,23.7724313160455
"11742",3,39.71481293577
"11743",3,45.8957910329086
"11744",3,41.9510567117613
"11745",3,38.3718357294161
"11746",3,51.8841761637031
"11747",3,92.7427388537645
"11748",3,18.7496129318987
"11749",3,23.2874867209985
"11750",3,46.2754461848833
"11751",3,66.2469931628922
"11752",3,25.0396108682977
"11753",3,41.1795739420537
"11754",3,61.7616526543671
"11755",3,55.7973363330858
"11756",3,44.0625557969636
"11757",3,43.0878549340107
"11758",3,51.457272221104
"11759",3,39.7292493666557
"11760",3,69.487505476409
"11761",3,35.5110219923339
"11762",3,34.1339211339759
"11763",3,56.8362678745146
"11764",3,48.3789944882137
"11765",3,62.9862017971299
"11766",3,20.2943756681764
"11767",3,40.688805738298
"11768",3,37.348092985757
"11769",3,37.745223654645
"11770",3,58.2284667235985
"11771",3,26.4899355104066
"11772",3,44.3161132304159
"11773",3,60.0997662416464
"11774",3,52.8445335714661
"11775",3,22.7206023297202
"11776",3,36.033799543704
"11777",3,30.7838721496736
"11778",3,31.3488876128674
"11779",3,31.9824821954134
"11780",3,53.058719170383
"11781",3,30.0882229599121
"11782",3,54.4008562542348
"11783",3,42.9481079748688
"11784",3,28.513529589019
"11785",3,46.0067631863284
"11786",3,60.073026964206
"11787",3,47.621305492229
"11788",3,57.1349970139141
"11789",3,47.9024412615749
"11790",3,44.324312634169
"11791",3,20.0943042262388
"11792",3,57.8351755332988
"11793",3,25.0570739425283
"11794",3,26.7673024961763
"11795",3,49.479512693952
"11796",3,48.5090497112165
"11797",3,47.1837892506718
"11798",3,70.0518491340072
"11799",3,56.9626036321672
"11800",3,35.0040571436251
"11801",3,29.594674763219
"11802",3,67.1425772974371
"11803",3,39.0525155846372
"11804",3,42.2837534693527
"11805",3,61.4808017801607
"11806",3,37.4687938453616
"11807",3,37.1225691745333
"11808",3,33.0690121629346
"11809",3,53.6624311586932
"11810",3,32.0983054352691
"11811",3,20.0294120717851
"11812",3,29.8231004625474
"11813",3,40.9965868263192
"11814",3,31.1710342050733
"11815",3,46.4858317977596
"11816",3,46.9504428901746
"11817",3,24.5723034469275
"11818",3,39.1828981516955
"11819",3,56.0981397448761
"11820",3,48.0217180115692
"11821",3,44.0174264977555
"11822",3,23.0184333099949
"11823",3,44.4456887798611
"11824",3,64.5513147802893
"11825",3,62.0816849519312
"11826",3,36.5914148708039
"11827",3,56.2177733518765
"11828",3,55.7556629143027
"11829",3,64.8491423016098
"11830",3,54.6919873462952
"11831",3,26.3993691438214
"11832",3,53.7525087806401
"11833",3,20.8240393244411
"11834",3,59.7715794189504
"11835",3,62.6257285067673
"11836",3,45.97733865562
"11837",3,21.7101196563333
"11838",3,58.8557810256971
"11839",3,56.4029850893771
"11840",3,62.8430278717626
"11841",3,40.4062205220775
"11842",3,41.883617465314
"11843",3,63.7799489431295
"11844",3,51.0168831220907
"11845",3,29.6706920792514
"12191",3,39.2231228256228
"12192",3,59.724247877525
"12193",3,53.0918931442113
"12194",3,33.1330950996951
"12195",3,23.8804189956912
"12196",3,58.9042985416235
"12197",3,92.2693961872854
"12198",3,66.726059654016
"12199",3,44.6743795105463
"12200",3,48.3493676605193
"12201",3,95.2977963136439
"12202",3,72.7702815263223
"12203",3,49.1410417463526
"12204",3,45.1412435801154
"12205",3,59.3389024722524
"12206",3,62.4184509298426
"12207",3,43.9316509999778
"12208",3,28.2855527891981
"12209",3,39.1059018238409
"12210",3,14.4900547000371
"12211",3,36.9231486696433
"12212",3,34.8081935891278
"12213",3,42.7899176631502
"12214",3,22.0258341489039
"12215",3,23.9747380381312
"12216",3,56.7850038516189
"12217",3,37.6694625480161
"12218",3,51.0783184052033
"12219",3,54.6992214924967
"12220",3,75.3080831111371
"12221",3,34.7545076741949
"12222",3,44.2808630658951
"12223",3,97.0791447375515
"12224",3,49.1741595502351
"12225",3,68.8188793958168
"12226",3,58.6496258614449
"12227",3,32.6971301489148
"12228",3,50.4516999176254
"12229",3,25.3419502423801
"12230",3,70.8037939525264
"12231",3,45.8007954461569
"12232",3,34.7233480637423
"12233",3,36.712594445132
"12234",3,73.6330709938748
"12235",3,47.1277725047989
"12236",3,79.3468653563854
"12237",3,32.9451837414172
"12238",3,58.0465454110016
"12239",3,29.6509756956303
"12240",3,38.7241007653161
"12241",3,64.0270686414136
"12242",3,52.5599635655157
"12243",3,48.3444903874929
"12244",3,64.8946950168397
"12245",3,70.022051564807
"12246",3,47.1566450160816
"12247",3,43.727661788549
"12248",3,39.2763220675851
"12249",3,43.9158708583295
"12250",3,37.6909961626849
"12251",3,26.5684128843147
"12252",3,38.1759014520774
"12253",3,34.0706893515292
"12254",3,41.9744931394323
"12255",3,33.9706244973544
"12256",3,30.32332100363
"12257",3,37.2215745253043
"12258",3,48.0664736712623
"12259",3,37.2697162770066
"12260",3,26.2959025107067
"12261",3,53.4620264797056
"12262",3,30.8230859002126
"12263",3,19.1089121074078
"12264",3,40.8219581178992
"12265",3,39.4350485638033
"12266",3,42.4727613070953
"12267",3,13.6044963452675
"12268",3,32.8782787324057
"12269",3,15.3815643659604
"12270",3,31.0248573222057
"12271",3,49.3425315871828
"12272",3,60.552966576304
"12273",3,46.1536193765754
"12274",3,32.7166556785279
"12275",3,47.4672460580101
"12276",3,45.2603678018691
"12277",3,46.6706024842968
"12278",3,27.2311844868274
"12279",3,32.6780914554514
"12280",3,39.3910119881804
"12281",3,48.4307701685463
"12282",3,55.6428910515935
"12283",3,18.6677031516252
"12284",3,47.950038437635
"12285",3,37.0616573835679
"12286",3,35.2080231806191
"12287",3,36.1712604537291
"12288",3,41.8433380117956
"12289",3,40.509069687655
"12290",3,43.0329997597309
"12291",3,65.9817596279684
"12292",3,40.7873990362232
"12293",3,45.1153324217977
"12294",3,34.084405203129
"12295",3,58.3658475184288
"12296",3,33.2556610248967
"12297",3,42.1977444951385
"12298",3,34.0112022307077
"12299",3,55.6842635799597
"12300",3,46.212964998941
"12301",3,81.1724616707749
"12302",3,34.7757116293493
"12303",3,59.9654086706547
"12304",3,34.7926031517033
"12305",3,32.2960920801376
"12306",3,34.0550605950576
"12307",3,31.936378519971
"12308",3,35.593588336193
"12309",3,48.3766556511264
"12310",3,30.3296454787318
"12311",3,50.4024392988729
"12312",3,32.6619471920153
"12313",3,60.1052724239195
"12314",3,38.5512334899528
"12315",3,39.6489727921688
"12316",3,70.1888371967264
"12317",3,59.7682308807149
"12318",3,54.6889802507391
"12319",3,27.5754334241673
"12320",3,63.6735905013117
"12321",3,53.7155994501854
"12322",3,28.0879074938449
"12323",3,28.0802797385944
"12324",3,66.2955825031704
"12325",3,64.3093561030324
"12326",3,47.8820758465945
"12327",3,47.6961450858528
"12328",3,68.6093229272434
"12329",3,25.4020278360904
"12330",3,42.6211927915316
"12331",3,40.4793545577819
"12332",3,48.9330381115916
"12333",3,36.809508978095
"12334",3,50.3881509898107
"12335",3,42.3511365464677
"12336",3,37.0429472641011
"12337",3,71.3898608211031
"12338",3,24.3151854988287
"12339",3,42.2347770923173
"12340",3,31.0675325353577
"12341",3,35.9295238836282
"12342",3,60.208982272178
"12343",3,67.3454935682169
"12344",3,28.2207104670919
"12345",3,50.8398415824813
"12346",3,19.9401436573711
"12347",3,15.4721857508201
"12348",3,30.9487622897224
"12349",3,44.9436766115295
"12350",3,29.2686686766151
"12351",3,39.9430168826618
"12352",3,22.9195172567251
"12353",3,66.1533624053911
"12354",3,22.5076034662693
"12355",3,33.7321062078555
"12356",3,36.8573452323158
"12357",3,30.9559628788148
"12358",3,36.8375781675299
"12359",3,34.8050924075719
"12360",3,38.7061524481682
"12361",3,24.2120303253871
"12362",3,50.3736139724862
"12363",3,26.3070368687446
"12364",3,35.2059454812114
"12365",3,58.0484942884273
"12366",3,37.4863708668496
"12367",3,41.4769513367615
"12368",3,39.8466041278602
"12369",3,40.1461994288647
"12370",3,65.2265456682931
"12371",3,75.1032073079041
"12372",3,29.7082171584693
"12373",3,47.4227732077069
"12374",3,35.2897440759281
"12375",3,36.5594932132499
"12376",3,37.3014393417809
"12377",3,27.8384063218797
"12378",3,42.2521354227491
"12379",3,49.5763369600125
"12380",3,50.004363153251
"12381",3,31.6157220477567
"12382",3,53.46050252883
"12383",3,24.7233103667011
"12384",3,25.6891049222748
"12385",3,57.3076184157113
"12386",3,52.7766465794731
"12387",3,33.383769218193
"12388",3,36.501656296721
"12389",3,40.5835892398855
"12390",3,28.6190706500437
"12391",3,35.2663115111896
"12392",3,36.5275346773456
"12393",3,31.5803046026279
"12394",3,35.575894474498
"12395",3,31.1313564635494
"12396",3,36.9538708246083
"12397",3,33.5540673880955
"12398",3,57.0519058801576
"12399",3,70.7095843564834
"12400",3,33.7759424703223
"12401",3,68.5873998555324
"12402",3,40.2959803842808
"12403",3,24.6846545646318
"12404",3,34.4599924205552
"12405",3,51.1049930446774
"12406",3,37.9499345625311
"12407",3,55.8244905075852
"12408",3,40.427573048437
"12409",3,21.1987650525345
"12410",3,23.9152652789227
"12411",3,73.6493917984882
"12412",3,58.1433644525181
"12413",3,46.3208590805737
"12414",3,32.119606662853
"12415",3,51.3628570316805
"12416",3,24.4418131901712
"12417",3,58.0854131085679
"12418",3,48.0656210651146
"12419",3,35.1442303902425
"12420",3,37.4451141412971
"12651",3,60.0963368791743
"12652",3,35.384489592378
"12653",3,44.1558178591457
"12654",3,38.9244246009489
"12655",3,33.0395732967544
"12656",3,36.7419880547721
"12657",3,43.4207548764975
"12658",3,23.2546641907481
"12659",3,44.1159538277208
"12660",3,23.3845343000064
"12661",3,42.4906945467831
"12662",3,33.6350948111175
"12663",3,34.7287453045349
"12664",3,33.1081621180961
"12665",3,32.0680395969491
"12666",3,56.9606501962019
"12667",3,36.6328535160811
"12668",3,43.2668154985288
"12669",3,57.5490513582243
"12670",3,44.8750381631992
"12671",3,43.8792909258833
"12672",3,29.9521287362799
"12673",3,53.8564733738973
"12674",3,64.2450400935631
"12675",3,49.782002610361
"12676",3,37.3785563576059
"12677",3,52.9232990566999
"12678",3,17.156759628754
"12679",3,34.4424470817729
"12680",3,43.6435909206016
"12681",3,77.8468171084578
"12682",3,28.9348394998042
"12683",3,33.5159470977855
"12684",3,36.1061556961208
"12685",3,36.2274801241112
"12686",3,45.671893191772
"12687",3,48.39730123355
"12688",3,35.9895748130427
"12689",3,43.9178832647358
"12690",3,44.1305274348681
"12691",3,30.7602695945186
"12692",3,26.1837142066458
"12693",3,45.6763787487596
"12694",3,41.1226019681918
"12695",3,40.8922587631288
"12696",3,68.5282235265108
"12697",3,58.0662281997467
"12698",3,49.5542232967836
"12699",3,26.4899968798957
"12700",3,31.0343829417596
"12701",3,65.7703683706116
"12702",3,62.2391037871388
"12703",3,25.5025926281747
"12704",3,54.852893742551
"12705",3,32.6381328217106
"12706",3,67.0695528741196
"12707",3,40.5709559915995
"12708",3,50.0062818258744
"12709",3,63.8339569920897
"12710",3,60.1776155986378
"12711",3,41.4472432515062
"12712",3,60.7230269175664
"12713",3,34.6010077569945
"12714",3,46.9245078134994
"12715",3,35.6859818274353
"12716",3,48.2804586261411
"12717",3,27.32387811936
"12718",3,51.2227989068941
"12719",3,61.8141713112277
"12720",3,62.5273560699558
"12721",3,40.7837080066255
"12722",3,84.067400631498
"12723",3,35.4178040597651
"12724",3,47.3880415300839
"12725",3,27.2685718707553
"12726",3,47.6886130827872
"12727",3,46.06137316172
"12728",3,25.8411725167751
"12729",3,43.0940669999883
"12730",3,47.0410972222434
"12731",3,49.6054957365263
"12732",3,45.2889021772897
"12733",3,33.5275346568571
"12734",3,26.8014490002146
"12735",3,66.1666604297986
"12736",3,38.4285227116615
"12737",3,61.8429759172682
"12738",3,21.2995971690263
"12739",3,76.8237989032591
"12740",3,29.7336286640371
"12741",3,38.9407491710138
"12742",3,54.4316370316812
"12743",3,46.0897834879859
"12744",3,33.6219696302645
"12745",3,18.4853588161338
"12746",3,43.1187922791277
"12747",3,31.8000437935067
"12748",3,14.4382137919256
"12749",3,37.2996142955759
"12750",3,48.3434910424445
"12751",3,34.5726785171214
"12752",3,42.1875102830412
"12753",3,48.1313894604879
"12754",3,23.2912531855208
"12755",3,62.2376196323212
"12756",3,41.5532841902481
"12757",3,93.9358495413595
"12758",3,61.7409239660104
"12759",3,73.1315517264452
"12760",3,38.7243027409821
"12761",3,35.3959621918146
"12762",3,48.8329323069737
"12763",3,45.3144967657541
"12764",3,26.1746592018293
"12765",3,56.4314203410331
"12996",3,33.328329591398
"12997",3,34.1087091158971
"12998",3,33.5097159696558
"12999",3,61.1623813713368
"13000",3,26.4304640973318
"13001",3,23.5886003498644
"13002",3,52.2668855662497
"13003",3,37.0333714640292
"13004",3,38.2902829085785
"13005",3,67.7663510176772
"13006",3,16.8129796488244
"13007",3,31.166350729594
"13008",3,41.8747383730419
"13009",3,51.8528046060508
"13010",3,58.1969437208466
"13011",3,64.381697663623
"13012",3,46.0949113672515
"13013",3,50.7074355329453
"13014",3,50.7529570023886
"13015",3,62.6144617848757
"13016",3,44.5975834953911
"13017",3,50.0915814920533
"13018",3,42.8332738750299
"13019",3,51.0230047160074
"13020",3,57.4531264910656
"13021",3,42.5179318307252
"13022",3,35.2294264479975
"13023",3,29.6808040114597
"13024",3,27.9032838446131
"13025",3,29.2569545248556
"13026",3,42.2277591622047
"13027",3,27.8631496164401
"13028",3,15.0483104222972
"13029",3,69.2966519949056
"13030",3,59.1082425127971
"13031",3,42.6658157983462
"13032",3,47.1328209930616
"13033",3,43.6859134050536
"13034",3,46.7698802567669
"13035",3,39.8763000783053
"13036",3,52.83764292887
"13037",3,52.3286795651978
"13038",3,76.7500059436269
"13039",3,53.3903290701665
"13040",3,83.782881877781
"13041",3,55.1125169935515
"13042",3,70.731062187979
"13043",3,49.2790513961964
"13044",3,43.9953858832282
"13045",3,48.2778014811507
"13046",3,66.4881966264853
"13047",3,50.49942478438
"13048",3,54.9844658352095
"13049",3,20.6593484542293
"13050",3,38.7461972832068
"13051",3,47.8825794247402
"13052",3,38.5959356141132
"13053",3,46.7905042087062
"13054",3,58.3443983055781
"13055",3,53.9186892515112
"13056",3,43.1778046171546
"13057",3,54.2170497067085
"13058",3,43.4646003306289
"13059",3,65.2318142546083
"13060",3,29.3852584777016
"13061",3,79.294024395044
"13062",3,25.1390463046318
"13063",3,34.483268733431
"13064",3,49.1180893286054
"13065",3,76.9160026542012
"13066",3,39.0520180246293
"13067",3,50.5471843781966
"13068",3,35.0208295613204
"13069",3,61.1729460239879
"13070",3,26.4278584135211
"13071",3,50.4445087132688
"13072",3,65.3329777939544
"13073",3,58.0316242401796
"13074",3,56.9993372679891
"13075",3,45.7564826224244
"13076",3,31.1494437981128
"13077",3,64.203688804625
"13078",3,33.0016601060007
"13079",3,55.5263730294848
"13080",3,33.3967280977096
"13081",3,40.9840832255666
"13082",3,34.0057552692034
"13083",3,23.5428374261796
"13084",3,46.2457179428204
"13085",3,58.4077517489682
"13086",3,48.4741244558415
"13087",3,47.4769957830788
"13088",3,33.9589036781186
"13089",3,70.0857497983117
"13090",3,32.7745440873582
"13091",3,61.50461995392
"13092",3,69.2068779097263
"13093",3,57.4794506083789
"13094",3,24.7233861751814
"13095",3,41.9825884878675
"13096",3,41.9762157239874
"13097",3,63.2796696607154
"13098",3,34.4451953204465
"13099",3,47.2586004630487
"13100",3,42.2543713651763
"13101",3,42.463188276282
"13102",3,45.7262310796342
"13103",3,44.2380668544165
"13104",3,55.1361853964866
"13105",3,36.0627089481435
"13106",3,75.6728611870553
"13107",3,61.6426734643826
"13108",3,42.7064086774524
"13109",3,30.7152725361631
"13110",3,42.199336778851
"13226",3,37.9564753408246
"13227",3,57.8842553733425
"13228",3,23.2930096085456
"13229",3,50.586794046287
"13230",3,28.5758452792688
"13231",3,56.9775589171265
"13232",3,40.2703959272471
"13233",3,50.8669435291063
"13234",3,43.780056184682
"13235",3,27.9095470217879
"13236",3,45.1579940437125
"13237",3,45.0831696079068
"13238",3,30.1246425571486
"13239",3,37.3224381973615
"13240",3,43.6308353939626
"13241",3,94.2147159106314
"13242",3,40.4459314263115
"13243",3,24.1631055009042
"13244",3,43.4419807025128
"13245",3,39.4737942275526
"13246",3,36.3951914659004
"13247",3,53.0718893157589
"13248",3,47.4533762075836
"13249",3,45.8096049120275
"13250",3,53.5337874990801
"13251",3,35.9308946353331
"13252",3,45.869759793554
"13253",3,71.3424780944528
"13254",3,49.2216095618899
"13255",3,20.9822911654355
"13256",3,53.8505631276524
"13257",3,21.8401209821731
"13258",3,22.3892381356333
"13259",3,36.407729746594
"13260",3,60.3278561999552
"13261",3,40.4477062816406
"13262",3,43.9195330950827
"13263",3,34.5965977641892
"13264",3,33.1078674514861
"13265",3,63.3113253741324
"13266",3,34.3579171816639
"13267",3,39.6555040740072
"13268",3,27.8637434690368
"13269",3,43.687948538788
"13270",3,40.5717031827352
"13271",3,58.0878563501336
"13272",3,27.7295741182987
"13273",3,33.0293525301699
"13274",3,57.7332347439676
"13275",3,30.5929825460309
"13276",3,48.0824866882977
"13277",3,58.3394095253889
"13278",3,54.2832247012979
"13279",3,20.0129135239706
"13280",3,64.0744004251643
"13281",3,26.7531534660623
"13282",3,59.1378034339049
"13283",3,57.5213800595578
"13284",3,24.3685253949949
"13285",3,38.2097812444976
"13286",3,54.1592221607587
"13287",3,24.7591483845773
"13288",3,39.3335606480373
"13289",3,29.5518340318419
"13290",3,73.4764388953234
"13291",3,50.915715532955
"13292",3,66.3682255841053
"13293",3,34.0169434048779
"13294",3,87.8053321073317
"13295",3,33.1982134359731
"13296",3,55.2833947748003
"13297",3,35.5826437452737
"13298",3,24.2162066423332
"13299",3,65.0036100276639
"13300",3,38.2875235011462
"13301",3,33.0853186520871
"13302",3,41.3438055952913
"13303",3,34.7215068752488
"13304",3,50.1779900901073
"13305",3,69.5446294137463
"13306",3,28.0347381782142
"13307",3,24.5170255438453
"13308",3,44.8246321223615
"13309",3,49.0423713037817
"13310",3,37.4934103209145
"13311",3,32.4824840430136
"13312",3,47.802450581364
"13313",3,54.1018654584984
"13314",3,34.0019005774925
"13315",3,30.2243848882806
"13316",3,51.1522464785164
"13317",3,34.0621875638094
"13318",3,44.9873847726569
"13319",3,48.2315143512871
"13320",3,49.6207474803804
"13321",3,36.6928894798926
"13322",3,41.0910219352384
"13323",3,35.1071417007293
"13324",3,26.2859662542941
"13325",3,35.4230273085419
"13326",3,56.4712492670004
"13327",3,45.9606012712721
"13328",3,39.0573513851272
"13329",3,41.3306858370568
"13330",3,63.0046226244968
"13331",3,69.6424594071587
"13332",3,45.1447062372189
"13333",3,39.0602188186581
"13334",3,66.1753695029825
"13335",3,36.3581231320315
"13336",3,44.5197565106069
"13337",3,34.0140080816186
"13338",3,30.4341118339535
"13339",3,29.2975366224641
"13340",3,52.7200197059757
"13456",3,57.3499714636979
"13457",3,29.942415615924
"13458",3,49.7513605582145
"13459",3,36.7475103076182
"13460",3,42.8003485144176
"13461",3,31.1246373411314
"13462",3,54.6726816243439
"13463",3,58.4135672749804
"13464",3,44.2150473698571
"13465",3,47.37836471567
"13466",3,28.042421534935
"13467",3,66.313721590861
"13468",3,44.0552824297682
"13469",3,57.8690889106217
"13470",3,72.2547373890361
"13471",3,28.2920060076304
"13472",3,29.2168972602075
"13473",3,54.2805589633704
"13474",3,56.1951687627746
"13475",3,28.3836938367517
"13476",3,41.0359540058485
"13477",3,52.8717623520985
"13478",3,47.6577569121266
"13479",3,37.972149680879
"13480",3,30.2944534839817
"13481",3,73.1595062732036
"13482",3,17.8552428034631
"13483",3,28.3152406333581
"13484",3,52.9547162118442
"13485",3,64.5047863600461
"13486",3,53.1136117185618
"13487",3,53.3125188519191
"13488",3,37.4881424624624
"13489",3,44.1291921766306
"13490",3,72.6936826548577
"13491",3,65.4390653403117
"13492",3,61.2021778355378
"13493",3,37.7065016737337
"13494",3,20.1507562450154
"13495",3,25.3778427319597
"13496",3,76.919792004184
"13497",3,37.1276564236643
"13498",3,40.1901089463299
"13499",3,43.4232088995722
"13500",3,28.9915956699997
"13501",3,40.7434108019324
"13502",3,37.1714617271271
"13503",3,53.8046110204942
"13504",3,42.7941932718264
"13505",3,28.1494971231024
"13506",3,37.1586701572849
"13507",3,29.5110642925588
"13508",3,56.2413448810565
"13509",3,40.9141984667279
"13510",3,56.0149630583872
"13511",3,44.9365324977052
"13512",3,38.4625601556399
"13513",3,20.1483523834063
"13514",3,53.3297180595187
"13515",3,43.237470340396
"13516",3,40.1526981003141
"13517",3,39.2474857779533
"13518",3,43.421748446532
"13519",3,53.917620817626
"13520",3,47.0393795098183
"13521",3,26.4555963022163
"13522",3,48.2064046457193
"13523",3,54.4194637384541
"13524",3,49.1747430588196
"13525",3,56.6487515035124
"13526",3,22.6654407195955
"13527",3,41.1043715783951
"13528",3,52.1140768316376
"13529",3,43.5993054453988
"13530",3,44.7649021550844
"13531",3,51.4088053408312
"13532",3,56.7599609311594
"13533",3,31.6122586896764
"13534",3,33.9254523863377
"13535",3,35.1058354220062
"13536",3,53.4236282172097
"13537",3,41.7600491470942
"13538",3,52.920443801097
"13539",3,40.2812622003411
"13540",3,32.3627808210831
"13541",3,70.3679305990022
"13542",3,75.6083303540195
"13543",3,42.4038087489708
"13544",3,27.736287047274
"13545",3,68.166259424101
"13546",3,41.4954360178129
"13547",3,49.366740279498
"13548",3,25.8593087022847
"13549",3,71.0080122238944
"13550",3,70.1740882524792
"13551",3,44.9064611159653
"13552",3,35.0486694642467
"13553",3,19.6006843710275
"13554",3,37.6481622131275
"13555",3,53.362372856942
"13556",3,53.9041595521045
"13557",3,34.8309273756016
"13558",3,69.1634059538437
"13559",3,50.5550673513605
"13560",3,43.0689659722834
"13561",3,39.9622263080222
"13562",3,35.4388431803589
"13563",3,37.334445721089
"13564",3,45.9978216143241
"13565",3,41.8897476744798
"13566",3,67.2211098441572
"13567",3,42.1920272191607
"13568",3,33.5092218159854
"13569",3,21.9268857653156
"13570",3,60.8817256744757
"13686",3,31.3844876371065
"13687",3,41.7629169258516
"13688",3,69.6616275304175
"13689",3,50.0915194225101
"13690",3,55.3237412481018
"13691",3,82.0679099421233
"13692",3,27.2585085795309
"13693",3,41.3804132246147
"13694",3,21.7808669729603
"13695",3,35.1179611379985
"13696",3,31.9542184792613
"13697",3,53.8919609633108
"13698",3,34.8255238669493
"13699",3,37.0184024744151
"13700",3,41.1175865860702
"13701",3,57.8785020426491
"13702",3,69.7752151440718
"13703",3,37.8402143577431
"13704",3,49.5502131578589
"13705",3,28.192160426022
"13706",3,25.3675326019901
"13707",3,51.409562834779
"13708",3,20.0749143632672
"13709",3,53.3060021112947
"13710",3,51.6147510397689
"13711",3,47.2898762775093
"13712",3,41.8838516141648
"13713",3,45.256813292141
"13714",3,32.6852598273522
"13715",3,30.7157703806129
"13716",3,53.4416856406018
"13717",3,42.2643840363867
"13718",3,14.6677344634288
"13719",3,24.567350798336
"13720",3,56.273063670907
"13721",3,42.4981307405477
"13722",3,67.8028994756584
"13723",3,34.7946212897862
"13724",3,70.3655945305015
"13725",3,41.8719089394438
"13726",3,26.3025445167447
"13727",3,37.6218230103655
"13728",3,34.9673664344837
"13729",3,22.995496957916
"13730",3,41.2328675049526
"13731",3,66.1002467824621
"13732",3,48.5975390303874
"13733",3,38.4990380578643
"13734",3,36.8788903088516
"13735",3,60.741747180048
"13736",3,51.0377317325723
"13737",3,32.4724044177313
"13738",3,53.3315331707274
"13739",3,52.3140146918344
"13740",3,34.0651376500348
"13741",3,40.4607028894397
"13742",3,53.5858322882273
"13743",3,24.6480766942237
"13744",3,44.9219309062427
"13745",3,28.1891308405565
"13746",3,28.3164701345663
"13747",3,52.6178302270941
"13748",3,37.466048084048
"13749",3,48.6031670081948
"13750",3,57.3356778371147
"13751",3,61.0832937692692
"13752",3,26.1495318282305
"13753",3,34.0330744026082
"13754",3,32.929586617528
"13755",3,38.4920908079186
"13756",3,64.6804866530484
"13757",3,40.7253835821399
"13758",3,22.8920373765745
"13759",3,32.5597603054086
"13760",3,49.7032183807722
"13761",3,30.0133095006531
"13762",3,32.6013179407924
"13763",3,67.2387142560442
"13764",3,31.0317473413972
"13765",3,32.4144453778168
"13766",3,47.7173943955238
"13767",3,56.9124226960118
"13768",3,39.4299686427209
"13769",3,43.1776414765841
"13770",3,63.0002515224317
"13771",3,36.3291939329131
"13772",3,34.9187822161528
"13773",3,47.3411467760591
"13774",3,64.4859205134529
"13775",3,32.069165664619
"13776",3,62.8058680239902
"13777",3,39.8654377063992
"13778",3,38.6868152025269
"13779",3,58.9923600313185
"13780",3,63.7979651990734
"13781",3,31.1566160615707
"13782",3,32.9565714651042
"13783",3,38.922359422361
"13784",3,30.7291632823663
"13785",3,29.7497568850054
"13786",3,50.4974750424053
"13787",3,46.2349010549745
"13788",3,43.259162279221
"13789",3,43.2576057800137
"13790",3,62.8513628709408
"13791",3,43.3297041389726
"13792",3,53.2199193430498
"13793",3,44.7309478609963
"13794",3,36.4200917314838
"13795",3,47.6391974338185
"13796",3,62.4463489045403
"13797",3,34.5602222143355
"13798",3,52.115825177301
"13799",3,31.1591525731817
"13800",3,34.0238057322124
"13801",3,45.7394926510232
"13802",3,49.6866738724834
"13803",3,73.9838556439329
"13804",3,37.391046227741
"13805",3,27.4979308730831
"13806",3,51.6373932569664
"13807",3,26.2208159890597
"13808",3,38.4142456792284
"13809",3,51.247469320271
"13810",3,33.7027916225786
"13811",3,59.2999005254003
"13812",3,24.1463188714312
"13813",3,15.8328172793066
"13814",3,71.8725717112812
"13815",3,53.0852144923906
"13816",3,71.9937835803144
"13817",3,48.3352229540762
"13818",3,42.5179873168798
"13819",3,47.5615484582222
"13820",3,34.0716902261489
"13821",3,64.2273908999464
"13822",3,36.3304938632262
"13823",3,38.2846377914216
"13824",3,32.4289451740194
"13825",3,48.0882573275973
"13826",3,28.0038802046067
"13827",3,40.177726829062
"13828",3,18.6385225397229
"13829",3,46.0409129976035
"13830",3,50.3353330401102
"13831",3,58.7210279773911
"13832",3,33.5676476755742
"13833",3,24.5684240314289
"13834",3,69.886410127477
"13835",3,23.37526321327
"13836",3,67.983797295507
"13837",3,29.8041451132566
"13838",3,49.6790872790523
"13839",3,43.6140041062105
"13840",3,41.112698030114
"13841",3,31.9228313371742
"13842",3,34.3448184398064
"13843",3,33.9644132578266
"13844",3,51.4171460465504
"13845",3,49.3322731371957
"13846",3,37.8413912294544
"13847",3,46.0835969412715
"13848",3,48.8517352999638
"13849",3,38.3886241528123
"13850",3,37.4298568875897
"13851",3,64.0245660760841
"13852",3,19.6697697662109
"13853",3,45.6801505354096
"13854",3,69.999629702582
"13855",3,35.3024849814892
"13856",3,33.0672976582337
"13857",3,52.9154960700861
"13858",3,59.1484498151747
"13859",3,33.5745837242753
"13860",3,58.8814474267662
"13861",3,30.1811235783529
"13862",3,35.0672134665274
"13863",3,52.5885651531109
"13864",3,52.579914427462
"13865",3,49.5819901301378
"13866",3,30.8491304039467
"13867",3,56.9491899177879
"13868",3,47.7073640805726
"13869",3,69.7904465105078
"13870",3,35.234312047112
"13871",3,74.3844404553452
"13872",3,44.2537281918386
"13873",3,78.8459099478589
"13874",3,31.7396645950774
"13875",3,34.1675989214696
"13876",3,44.5920155591706
"13877",3,37.0820352852681
"13878",3,35.7269126305077
"13879",3,66.1519031817625
"13880",3,31.6103661657591
"13881",3,71.3571382086147
"13882",3,43.5275242679601
"13883",3,41.7573893159365
"13884",3,28.4174257336398
"13885",3,43.8118064779337
"13886",3,32.6292086413862
"13887",3,85.1199526965733
"13888",3,35.4236903771319
"13889",3,47.047799103522
"13890",3,43.9123682893992
"13891",3,49.9396218815021
"13892",3,29.4956616926974
"13893",3,24.7136482956559
"13894",3,59.7030932662551
"13895",3,51.9504743666612
"13896",3,71.1756808164248
"13897",3,51.1226601824818
"13898",3,56.4960421773607
"13899",3,69.243778812958
"13900",3,55.1618748183917
"13901",3,49.5707258072358
"13902",3,31.2578394597451
"13903",3,44.5519629418902
"13904",3,51.5314092811891
"13905",3,48.9944501365756
"13906",3,34.3943888033728
"13907",3,29.1563540142985
"13908",3,52.7765858774946
"13909",3,41.783069947081
"13910",3,44.3116715567484
"13911",3,52.2117402917359
"13912",3,39.0712777201105
"13913",3,59.6503272801014
"13914",3,34.9694207122952
"13915",3,40.3259822588236
"14031",3,62.3778498502103
"14032",3,50.7559455211603
"14033",3,62.0988147449301
"14034",3,46.3717284371203
"14035",3,51.1775406203161
"14036",3,48.6109900923135
"14037",3,31.6779276289885
"14038",3,35.2603983073577
"14039",3,44.8577963753732
"14040",3,28.7663652527967
"14041",3,49.9705255699171
"14042",3,50.6035628207424
"14043",3,46.3428206355185
"14044",3,51.5296228044088
"14045",3,51.1476742072208
"14046",3,28.8866237680721
"14047",3,42.6340623228643
"14048",3,53.0749496594689
"14049",3,38.4848890794796
"14050",3,52.6697797215519
"14051",3,47.7014249691337
"14052",3,24.8481264374224
"14053",3,47.5698996563895
"14054",3,53.3292554933135
"14055",3,62.7323222316474
"14056",3,32.9555768677713
"14057",3,41.9718032453361
"14058",3,27.4978245175636
"14059",3,49.3035946696447
"14060",3,46.5394351829665
"14061",3,35.9717061419974
"14062",3,30.6846021318973
"14063",3,38.1650397009645
"14064",3,47.9795803928493
"14065",3,17.4473960453668
"14066",3,57.1469294567093
"14067",3,46.7861216614582
"14068",3,40.3211254408873
"14069",3,43.6625971359586
"14070",3,89.2311067810467
"14071",3,36.1819925200426
"14072",3,22.4885153303012
"14073",3,26.8280310406944
"14074",3,42.5973154795784
"14075",3,43.5079236122314
"14076",3,31.0349185404509
"14077",3,50.858385465715
"14078",3,35.5448697924826
"14079",3,41.8234242410883
"14080",3,51.9309156853181
"14081",3,45.7610049357827
"14082",3,34.5168611961345
"14083",3,34.7151340995354
"14084",3,69.7332039834585
"14085",3,35.6524825656719
"14086",3,74.1294103227649
"14087",3,43.4938278169986
"14088",3,47.8311184221972
"14089",3,54.9985302210607
"14090",3,43.3154245439717
"14091",3,38.3034804653133
"14092",3,61.038269671284
"14093",3,27.6256971088117
"14094",3,70.618269621713
"14095",3,62.2065635247804
"14096",3,60.3886421336793
"14097",3,59.9939645955537
"14098",3,101.627667336835
"14099",3,33.6962266804187
"14100",3,68.9164072698255
"14101",3,44.9569600861561
"14102",3,32.0016298359852
"14103",3,35.4491279849714
"14104",3,24.195377176727
"14105",3,59.0182708973621
"14106",3,62.030533063537
"14107",3,59.9706883888456
"14108",3,75.7653594993293
"14109",3,41.046981126044
"14110",3,55.1832151402069
"14111",3,42.8571723298118
"14112",3,38.1830042774596
"14113",3,36.4334288813116
"14114",3,28.2679188440674
"14115",3,48.6012173135098
"14116",3,30.0203779283606
"14117",3,49.6244656386203
"14118",3,41.5549722660669
"14119",3,60.3029534842838
"14120",3,48.7761968058865
"14121",3,29.7608626390235
"14122",3,43.3742173464894
"14123",3,21.6803159950262
"14124",3,27.1964304896191
"14125",3,55.8105202283663
"14126",3,62.7595003286838
"14127",3,37.6622285348117
"14128",3,37.099081540802
"14129",3,36.3699317156787
"14130",3,46.5939741510274
"14131",3,71.2699405025305
"14132",3,30.8733790717368
"14133",3,76.8570928506769
"14134",3,57.6901317104041
"14135",3,38.7352819225691
"14136",3,24.2980646706216
"14137",3,47.5251027583657
"14138",3,61.9242250740512
"14139",3,53.5989420634457
"14140",3,53.8475725361841
"14141",3,31.9866404324708
"14142",3,30.8969395116166
"14143",3,63.2388437654357
"14144",3,45.7267372384761
"14145",3,28.5573435241524
"14146",3,59.22672363518
"14147",3,24.9291613967537
"14148",3,54.7280138865949
"14149",3,23.2137115867099
"14150",3,39.9632944858153
"14151",3,25.9656040182342
"14152",3,43.9029295950275
"14153",3,38.7695753740952
"14154",3,26.0096318405057
"14155",3,50.5329755798528
"14156",3,74.4981736333135
"14157",3,23.6998257367192
"14158",3,34.6393898613729
"14159",3,32.7710320176533
"14160",3,56.9899960937521
"14161",3,36.3136603862762
"14162",3,24.4186591921852
"14163",3,35.669765096116
"14164",3,26.3231415496225
"14165",3,36.6918322600937
"14166",3,31.3944231951677
"14167",3,33.5769860135943
"14168",3,37.9810507777057
"14169",3,32.6052916457905
"14170",3,28.2470636915708
"14171",3,39.2111781047102
"14172",3,35.1882584977021
"14173",3,49.3901916706514
"14174",3,36.477439414859
"14175",3,46.5985522761424
"14176",3,37.7092946531563
"14177",3,38.9910115287111
"14178",3,56.1680551187256
"14179",3,56.1224959208594
"14180",3,62.7714474621654
"14181",3,32.1037680621945
"14182",3,38.1301767816462
"14183",3,45.6362591686062
"14184",3,39.5631386830646
"14185",3,38.3595211287834
"14186",3,48.3821900477646
"14187",3,61.3159743213147
"14188",3,64.9261468377321
"14189",3,28.5918115452021
"14190",3,62.3682839283866
"14191",3,55.8414654545952
"14192",3,61.7611711940402
"14193",3,47.5752847242984
"14194",3,18.8724218033729
"14195",3,25.8286356542143
"14196",3,57.115421634713
"14197",3,36.5814675063527
"14198",3,62.1849536437289
"14199",3,42.3201962416512
"14200",3,28.6371021605349
"14201",3,41.7557840050817
"14202",3,32.689369744761
"14203",3,45.6803202450615
"14204",3,27.4658996307356
"14205",3,49.8969904248843
"14206",3,41.8864446444156
"14207",3,56.6206534754644
"14208",3,80.9486292612698
"14209",3,38.7987158612428
"14210",3,54.4639087163387
"14211",3,49.8028368306376
"14212",3,21.1192313404469
"14213",3,25.7403565929079
"14214",3,35.5642184820538
"14215",3,38.206637182921
"14216",3,48.3544799551644
"14217",3,43.8311624449525
"14218",3,41.8156231846899
"14219",3,52.1202699173069
"14220",3,53.1450563480005
"14221",3,35.5771663254808
"14222",3,30.4715593599062
"14223",3,38.0384639744505
"14224",3,34.3874159011993
"14225",3,31.0252343880978
"14226",3,40.4805783671273
"14227",3,38.8039499600134
"14228",3,45.8410499132735
"14229",3,48.3789356234935
"14230",3,71.7631218970356
"14231",3,74.681825056771
"14232",3,54.6706090173174
"14233",3,60.3238871182037
"14234",3,32.5224989217375
"14235",3,21.8308646556185
"14236",3,63.4053422741595
"14237",3,33.3110889973621
"14238",3,40.9796405551087
"14239",3,31.7955623742264
"14240",3,50.8155313546236
"14241",3,38.2424122099555
"14242",3,42.9469052164852
"14243",3,39.3675414122676
"14244",3,27.3440200097588
"14245",3,34.703386783221
"14246",3,87.1888705086031
"14247",3,45.9575104292081
"14248",3,34.3873088361669
"14249",3,38.9722116278685
"14250",3,45.3688922550763
"14251",3,46.5730602658442
"14252",3,53.7779258340319
"14253",3,27.5960095627947
"14254",3,56.8013900818625
"14255",3,38.8819961583639
"14256",3,40.9175958536891
"14257",3,39.7729770226707
"14258",3,36.8189876135718
"14259",3,49.6595974296287
"14260",3,39.9197942391174
"14431",3,46.1355879735794
"14432",3,45.7781098324262
"14433",3,28.4036062122515
"14434",3,32.6662914431539
"14435",3,40.9719076419699
"14436",3,40.4137183111663
"14437",3,54.6727497002594
"14438",3,59.6987537803271
"14439",3,64.9830579613101
"14440",3,38.8697766766153
"14441",3,48.6921957059005
"14442",3,49.9180564177002
"14443",3,38.4300385832432
"14444",3,55.9050676978649
"14445",3,46.1696902877179
"14446",3,57.7142655698509
"14447",3,51.8051006698374
"14448",3,52.9616261205317
"14449",3,22.8410964216678
"14450",3,49.2142647496489
"14451",3,38.0522907903118
"14452",3,32.7032196567231
"14453",3,68.6350425246844
"14454",3,27.8530246228702
"14455",3,63.3249797273353
"14456",3,43.8085577844909
"14457",3,21.9428076019886
"14458",3,47.2919979176081
"14459",3,19.263086286062
"14460",3,51.0392296829873
"14461",3,61.7417473882851
"14462",3,41.598729820137
"14463",3,48.5676793434827
"14464",3,69.9412705556917
"14465",3,32.535911815603
"14466",3,46.2175160198126
"14467",3,64.1924727924699
"14468",3,51.4970648670972
"14469",3,45.1465575648382
"14470",3,32.1319915515786
"14471",3,28.0413725646393
"14472",3,34.3739645841105
"14473",3,55.9362317760783
"14474",3,49.8867656389177
"14475",3,60.3850226135891
"14476",3,33.3715466557947
"14477",3,31.0818142827559
"14478",3,53.5726180980836
"14479",3,51.3709974460244
"14480",3,30.4294273636542
"14481",3,50.2671909641662
"14482",3,25.0721117043346
"14483",3,38.8986458179364
"14484",3,27.0117586210575
"14485",3,29.1509463416605
"14486",3,33.0426480053024
"14487",3,42.9077424467771
"14488",3,64.6238040188422
"14489",3,47.9794605525025
"14490",3,32.2848811837715
"14491",3,35.9840341192041
"14492",3,63.4640282435839
"14493",3,26.5412359498158
"14494",3,40.1676519709535
"14495",3,19.1774208425268
"14496",3,40.8785883115535
"14497",3,53.8248806404104
"14498",3,37.7476123159126
"14499",3,41.305926843216
"14500",3,39.5593355118961
"14501",3,48.1346598137059
"14502",3,44.3267696166503
"14503",3,49.1291997771221
"14504",3,42.9979139436025
"14505",3,62.3705085064674
"14506",3,38.239448898544
"14507",3,59.282983133537
"14508",3,46.1490024723789
"14509",3,37.9924013815168
"14510",3,75.3097880142341
"14511",3,54.7884974400487
"14512",3,62.7556302935489
"14513",3,32.3081834320085
"14514",3,46.8000905064772
"14515",3,51.4694784731831
"14516",3,44.2013305565302
"14517",3,48.5185259845809
"14518",3,30.1732432112638
"14519",3,45.1757782988662
"14520",3,51.54244242276
"14521",3,37.6784174432222
"14522",3,46.3809255497835
"14523",3,32.5013810915817
"14524",3,23.4224954455932
"14525",3,31.2578036565734
"14526",3,34.7309131055037
"14527",3,46.5332955630667
"14528",3,32.3933825643411
"14529",3,72.4725082286779
"14530",3,41.7473038267984
"14531",3,59.1628038570331
"14532",3,45.5140430142931
"14533",3,49.0062930856009
"14534",3,40.3390829179622
"14535",3,55.1742623475391
"14536",3,24.7843555522679
"14537",3,39.0694152474531
"14538",3,48.9048905481134
"14539",3,45.1482977983144
"14540",3,38.2035580431845
"14541",3,33.1921304217525
"14542",3,20.4658281810616
"14543",3,46.2164513179244
"14544",3,32.4423393391013
"14545",3,29.628042332207
"14546",3,72.6207906391167
"14547",3,32.4416532810476
"14548",3,38.9391845097168
"14549",3,32.8760145010215
"14550",3,66.8828863649274
"14551",3,48.0024594880484
"14552",3,34.7194845658859
"14553",3,57.6968742815589
"14554",3,43.9822673615356
"14555",3,29.5559441241846
"14556",3,38.3503196793742
"14557",3,51.4527158136602
"14558",3,53.1701999929731
"14559",3,47.6108870821206
"14560",3,49.2088385729243
"14561",3,57.6249267213292
"14562",3,49.9003867082944
"14563",3,48.2570061645771
"14564",3,46.2673279351049
"14565",3,28.5740873380579
"14566",3,36.4280476270855
"14567",3,44.006574260953
"14568",3,35.4989657741497
"14569",3,56.472626772656
"14570",3,53.8294259787685
"14571",3,60.6125315421806
"14572",3,59.2962144330318
"14573",3,32.1661407299508
"14574",3,30.6664720334164
"14575",3,25.927081718252
"14576",3,48.2764014812641
"14577",3,27.9766908060223
"14578",3,23.0397380560171
"14579",3,75.3773209780019
"14580",3,42.4114464740021
"14581",3,83.1895285612926
"14582",3,44.5884354066345
"14583",3,45.3764417301249
"14584",3,28.3979734707324
"14585",3,59.1311215113958
"14586",3,46.6319591617017
"14587",3,56.7438771212939
"14588",3,49.6839847182704
"14589",3,61.7226341447331
"14590",3,45.9836087907797
"14591",3,28.9852800388268
"14592",3,44.3533098635441
"14593",3,31.3389743916956
"14594",3,41.6400776503083
"14595",3,34.1095674087365
"14596",3,17.362242957475
"14597",3,30.3230050867242
"14598",3,71.3238097535275
"14599",3,48.9278695578255
"14600",3,38.275985288698
"14771",3,35.1190225712712
"14772",3,53.7431241654936
"14773",3,41.2458074230687
"14774",3,53.7303992933553
"14775",3,57.7518215003801
"14776",3,56.3886780471363
"14777",3,78.0090626073846
"14778",3,54.8313637490611
"14779",3,35.9429431954071
"14780",3,34.3023682945681
"14781",3,68.2065656247273
"14782",3,42.4139098291865
"14783",3,59.3570749504709
"14784",3,38.6872886820215
"14785",3,34.1331553848921
"14786",3,54.5697620816911
"14787",3,22.9496993879271
"14788",3,41.910365327199
"14789",3,21.3037849556761
"14790",3,59.2008757140118
"14791",3,35.3689785295291
"14792",3,36.8462410991317
"14793",3,54.1367639323906
"14794",3,25.8537423678287
"14795",3,25.9964720019376
"14796",3,44.0267004469452
"14797",3,37.0300258305087
"14798",3,52.5420360103903
"14799",3,47.5226622623995
"14800",3,49.1351202255195
"14801",3,26.1835758699051
"14802",3,70.4086749447311
"14803",3,21.0958719175429
"14804",3,53.3651588733209
"14805",3,29.0295903250569
"14806",3,27.9753278504745
"14807",3,47.6551137520967
"14808",3,40.1156356575384
"14809",3,33.4346038434061
"14810",3,28.2328402717874
"14811",3,47.0242920741519
"14812",3,53.850483213425
"14813",3,44.6385413777513
"14814",3,46.5516716209484
"14815",3,49.284804196445
"14816",3,43.2762631755648
"14817",3,36.9489019213917
"14818",3,32.9728440765341
"14819",3,64.8342453175344
"14820",3,67.6122114619001
"14821",3,55.2630834262187
"14822",3,25.5521282242498
"14823",3,49.2998811023371
"14824",3,56.6495888975643
"14825",3,37.7352003886023
"14826",3,21.707925451445
"14827",3,59.5745447262795
"14828",3,38.5890939673321
"14829",3,45.4306663260317
"14830",3,47.4246248629248
"14831",3,33.0991592750838
"14832",3,58.3758930033217
"14833",3,85.2488470562989
"14834",3,66.310912274055
"14835",3,49.2431825034757
"14836",3,22.0858704468846
"14837",3,18.6862559717635
"14838",3,47.8859759072209
"14839",3,43.7334279139201
"14840",3,37.7004346821664
"14841",3,47.488718770132
"14842",3,47.6703945827076
"14843",3,43.4359137577921
"14844",3,48.5704497053647
"14845",3,76.5028967523078
"14846",3,31.1836740242718
"14847",3,31.891753103029
"14848",3,25.809279794793
"14849",3,39.4110113628309
"14850",3,46.7425192639984
"14851",3,48.1084650423863
"14852",3,46.0128179395879
"14853",3,15.4786423420138
"14854",3,44.8934848195567
"14855",3,29.9981025261359
"15026",3,45.4493937306657
"15027",3,32.242423703162
"15028",3,24.2657311643868
"15029",3,36.1898306490873
"15030",3,18.7721279891057
"15031",3,31.3591304951444
"15032",3,47.7880090919908
"15033",3,53.4859108952272
"15034",3,42.5271539585715
"15035",3,41.4092624301149
"15036",3,41.3516157935112
"15037",3,50.2281858099238
"15038",3,25.2620533029571
"15039",3,38.2664451291336
"15040",3,55.22834089945
"15041",3,35.4905200645321
"15042",3,29.4715728088251
"15043",3,44.8546031999917
"15044",3,48.9229329225169
"15045",3,46.6439464123057
"15046",3,51.6084968321677
"15047",3,30.1852187294694
"15048",3,55.5632117248018
"15049",3,52.6412327172472
"15050",3,46.4407391602096
"15051",3,49.7527183954976
"15052",3,25.8723165521842
"15053",3,75.5888718913237
"15054",3,34.6482691471742
"15055",3,60.4909602039144
"15056",3,61.5629657035571
"15057",3,26.80296327445
"15058",3,36.6225024701384
"15059",3,42.1690645796091
"15060",3,31.5201358907995
"15061",3,47.5725639512172
"15062",3,40.8725513286235
"15063",3,35.5513827733124
"15064",3,33.1264437629027
"15065",3,55.7662417149695
"15066",3,47.3434531127526
"15067",3,28.0483689020992
"15068",3,69.6793715789959
"15069",3,59.8834250970958
"15070",3,42.4051666794077
"15071",3,75.7300652196222
"15072",3,29.0551739015791
"15073",3,24.3146071637896
"15074",3,17.4233115515913
"15075",3,34.475797251396
"15076",3,35.287241916658
"15077",3,56.1460226207917
"15078",3,62.2283538828104
"15079",3,44.7626918748754
"15080",3,39.3551118409203
"15081",3,35.9533363007813
"15082",3,56.152997163745
"15083",3,33.433192784661
"15084",3,40.3936511674804
"15085",3,35.5896264974851
"15086",3,35.9890749148196
"15087",3,41.7532766289762
"15088",3,45.0461322365391
"15089",3,47.9103690668685
"15090",3,34.2260414958715
"15091",3,26.1919864149839
"15092",3,72.7476435660693
"15093",3,51.9475678254909
"15094",3,57.3232133799653
"15095",3,31.3387360520007
"15096",3,28.8519746995705
"15097",3,45.4668470236413
"15098",3,31.0052323063817
"15099",3,52.6980068144454
"15100",3,51.4843771229576
"15101",3,59.5776995760185
"15102",3,41.4995365615203
"15103",3,37.5559082980474
"15104",3,26.8562568070673
"15105",3,44.1465236487865
"15106",3,80.2240354681735
"15107",3,40.481104907659
"15108",3,35.7556746000562
"15109",3,25.8850168446094
"15110",3,40.3466519336404
"15196",3,81.059029386697
"15197",3,38.9181328763731
"15198",3,91.9453740553738
"15199",3,48.8811148824887
"15200",3,43.2001423923542
"15201",3,36.654752012781
"15202",3,33.7350453201212
"15203",3,42.2612958097747
"15204",3,35.8300333938513
"15205",3,50.4290942145712
"15206",3,58.9714760048113
"15207",3,42.5641683646982
"15208",3,45.3817572875372
"15209",3,48.7924908326847
"15210",3,27.4528535035835
"15211",3,46.8720435663692
"15212",3,45.3593531094476
"15213",3,56.9126504243333
"15214",3,50.206227909739
"15215",3,35.4775660445215
"15216",3,57.7964344052307
"15217",3,38.0188383407509
"15218",3,37.0401721122404
"15219",3,28.4243217582511
"15220",3,64.629035328186
"15221",3,51.3891843930007
"15222",3,57.4307647127933
"15223",3,43.7301930319432
"15224",3,35.8388163839548
"15225",3,107.06524697355
"15226",3,30.379807471318
"15227",3,28.472641342516
"15228",3,62.5166475812028
"15229",3,39.4350485137704
"15230",3,54.8141576555128
"15231",3,26.1957644998224
"15232",3,48.0583750802533
"15233",3,23.719477911725
"15234",3,37.3112174102393
"15235",3,32.5632046977742
"15236",3,47.3367941630775
"15237",3,41.5426816783324
"15238",3,40.698693085674
"15239",3,36.3250350281959
"15240",3,45.687399023084
"15241",3,57.9979100061482
"15242",3,54.6601512238808
"15243",3,42.6282279661375
"15244",3,61.9278466706192
"15245",3,36.2911799125613
"15246",3,56.0096048022448
"15247",3,51.4756336953982
"15248",3,37.4062027971931
"15249",3,42.6986645426563
"15250",3,51.6986014059434
"15251",3,59.9795065975973
"15252",3,39.2613898604464
"15253",3,45.4971315518805
"15254",3,49.7951469780989
"15255",3,48.185355342185
"15256",3,54.0997341027531
"15257",3,36.9014914346352
"15258",3,35.9369552449496
"15259",3,57.9381202801815
"15260",3,43.3282698254251
"15261",3,26.1842429302851
"15262",3,41.8829220250402
"15263",3,74.3215148372745
"15264",3,24.9440520484496
"15265",3,18.3998574339187
"15266",3,37.8959903112718
"15267",3,41.8050339820258
"15268",3,53.9875775407861
"15269",3,24.1941479009716
"15270",3,27.1754387175223
"15271",3,42.6112171951632
"15272",3,50.6383110603173
"15273",3,56.2084689618928
"15274",3,24.9318012114597
"15275",3,41.4426043438903
"15276",3,48.0089320607496
"15277",3,31.5922211704378
"15278",3,28.4438736782253
"15279",3,58.1469365562202
"15280",3,33.4101450734719
"15621",3,38.9172599823151
"15622",3,59.6084879265302
"15623",3,38.8005721637295
"15624",3,54.9033328837971
"15625",3,78.3924531544836
"15626",3,30.090755022585
"15627",3,38.4755641749579
"15628",3,54.0507056145646
"15629",3,62.8908671564598
"15630",3,44.9891670546573
"15631",3,25.016050416112
"15632",3,37.3397187683772
"15633",3,32.5068175364972
"15634",3,38.8457567708154
"15635",3,45.1981125362714
"15636",3,37.6930739594186
"15637",3,91.914929560618
"15638",3,44.6062148613909
"15639",3,32.5211285825434
"15640",3,41.601753577809
"15641",3,33.3240908704015
"15642",3,58.1666976888508
"15643",3,45.5096827385071
"15644",3,28.4911295542707
"15645",3,46.0273715081368
"15646",3,39.3680299849013
"15647",3,37.0214891933473
"15648",3,51.9258380788316
"15649",3,49.1116373956542
"15650",3,52.7449041888984
"15651",3,37.6923862194107
"15652",3,49.6192837253137
"15653",3,43.9805804231191
"15654",3,17.1153373683067
"15655",3,41.8665383430342
"15656",3,36.5804584978428
"15657",3,41.4320370272658
"15658",3,45.487312858644
"15659",3,29.9918642141091
"15660",3,30.813530047306
"15661",3,50.794174172127
"15662",3,36.5300900872913
"15663",3,32.9385777040501
"15664",3,44.6267005620199
"15665",3,40.0303197824094
"15666",3,37.9583483208076
"15667",3,34.8239508014054
"15668",3,46.0266821801113
"15669",3,53.4419314608821
"15670",3,49.8349854762743
"15671",3,34.6110020997115
"15672",3,23.8415616133024
"15673",3,32.276298013695
"15674",3,28.6465180249775
"15675",3,50.5332736343793
"15676",3,53.5617689621506
"15677",3,56.7606449022316
"15678",3,42.8101197847865
"15679",3,22.8173945699008
"15680",3,91.5126931490502
"15681",3,30.2148729240628
"15682",3,42.7674561228377
"15683",3,35.963394066512
"15684",3,35.0878507278777
"15685",3,69.3334678093026
"15686",3,67.7961294713786
"15687",3,22.2183013915002
"15688",3,26.9762061180342
"15689",3,27.6041429907269
"15690",3,41.839865048285
"15691",3,46.2396626610214
"15692",3,50.1539443603323
"15693",3,41.0586596320487
"15694",3,51.0056883547699
"15695",3,26.9814016023684
"15696",3,20.9028611112554
"15697",3,32.318043950439
"15698",3,27.7453515897686
"15699",3,49.2844917958098
"15700",3,21.9539244632178
"15701",3,38.2814706359528
"15702",3,31.3049190319845
"15703",3,44.4139625907027
"15704",3,43.7003480865886
"15705",3,30.5404611644674
"15791",3,43.4576607286168
"15792",3,40.3036998724702
"15793",3,18.0110077811918
"15794",3,46.1325940824673
"15795",3,30.049697722986
"15796",3,22.3247388466846
"15797",3,39.4134407229365
"15798",3,37.5353642741976
"15799",3,28.0041942978444
"15800",3,46.8179769836183
"15801",3,41.8310888751536
"15802",3,50.9210681707777
"15803",3,49.3887677976276
"15804",3,36.0380540954548
"15805",3,26.3802973187415
"15806",3,58.4491444095509
"15807",3,29.3568901798943
"15808",3,35.3752964850863
"15809",3,30.1182387343645
"15810",3,63.9200729411823
"15811",3,25.8386019605292
"15812",3,58.533375367999
"15813",3,63.1517148088576
"15814",3,48.3757960096903
"15815",3,48.1933622991819
"15816",3,31.5233680613195
"15817",3,36.7567451756073
"15818",3,53.8657306237808
"15819",3,40.5669597902379
"15820",3,69.9728820032577
"15821",3,76.4026142352712
"15822",3,47.0922795946469
"15823",3,36.851836880464
"15824",3,46.1095554841873
"15825",3,53.2399257930705
"15826",3,66.4525938185678
"15827",3,36.7199266932729
"15828",3,40.2792241343141
"15829",3,47.3319238232214
"15830",3,45.5809887670197
"15831",3,34.1196461955446
"15832",3,44.2799086811742
"15833",3,38.8664431040827
"15834",3,62.5446952553434
"15835",3,41.8712307626359
"15836",3,25.981456245568
"15837",3,75.2725349974233
"15838",3,26.7705922567193
"15839",3,27.9115336204288
"15840",3,46.6413844083203
"15841",3,39.8254755611576
"15842",3,30.5540699453329
"15843",3,42.3215358598799
"15844",3,38.7373839050904
"15845",3,23.7354776604232
"15846",3,46.3512861768867
"15847",3,62.9207196330461
"15848",3,54.2562275868036
"15849",3,56.1898307463908
"15850",3,50.4592151986114
"15851",3,45.4146472226438
"15852",3,40.5830243918655
"15853",3,27.925690902594
"15854",3,30.8696466903331
"15855",3,43.8581487995091
"15856",3,23.0330534999295
"15857",3,42.7956145304929
"15858",3,35.6783237173884
"15859",3,70.4787203594397
"15860",3,61.9416706561626
"15861",3,37.1151702818882
"15862",3,48.8987626215427
"15863",3,24.5131003354693
"15864",3,27.5629308024825
"15865",3,53.7161622532694
"15866",3,44.3812992818162
"15867",3,30.8858965656242
"15868",3,48.7984007048501
"15869",3,47.214546893964
"15870",3,42.2772483285514
"15871",3,48.8674619628838
"15872",3,32.501252138417
"15873",3,35.7602379039983
"15874",3,34.214647984306
"15875",3,38.2788129736943
"16046",3,32.7139983381493
"16047",3,46.8513982263533
"16048",3,63.4659494423632
"16049",3,55.4182622567592
"16050",3,27.4903674107074
"16051",3,43.9965792408191
"16052",3,46.5961819212681
"16053",3,44.146634265428
"16054",3,63.5775758011097
"16055",3,33.6323127812411
"16056",3,37.5891600424369
"16057",3,37.3519390194669
"16058",3,45.2001352052854
"16059",3,33.5874722525405
"16060",3,37.2059183470913
"16061",3,76.6930606257992
"16062",3,68.5670353799879
"16063",3,50.9491610541274
"16064",3,38.0789973164959
"16065",3,40.5122348930599
"16066",3,31.2866041134803
"16067",3,32.6679314151497
"16068",3,60.4590652682913
"16069",3,54.4622346859122
"16070",3,21.6174555202914
"16071",3,48.1831126294015
"16072",3,78.9587903535943
"16073",3,38.362154706312
"16074",3,44.7235490259275
"16075",3,49.8904312081064
"16076",3,41.450918660212
"16077",3,32.767551272217
"16078",3,33.0380384977726
"16079",3,47.3643271927732
"16080",3,29.6421946316493
"16081",3,61.867513102375
"16082",3,50.5861958016844
"16083",3,52.8742175984236
"16084",3,45.7164942982796
"16085",3,53.4872485713465
"16086",3,84.7646525271243
"16087",3,47.9991553894464
"16088",3,37.449221421383
"16089",3,35.3578464137071
"16090",3,73.7075792252682
"16091",3,39.7411686754174
"16092",3,47.2054803195923
"16093",3,34.5465321647225
"16094",3,30.9448482215359
"16095",3,35.3498197915592
"16096",3,47.3842804955216
"16097",3,22.0301759235643
"16098",3,34.100123397065
"16099",3,45.3052009215468
"16100",3,32.0599796055711
"16101",3,51.5968197605578
"16102",3,41.1381687585194
"16103",3,29.9855606303993
"16104",3,53.3705646205012
"16105",3,45.3767909096651
"16106",3,44.4471522079076
"16107",3,63.5199397518927
"16108",3,26.1656224415834
"16109",3,14.4174269525011
"16110",3,73.3986827774504
"16111",3,46.9172176593995
"16112",3,44.3332896555386
"16113",3,40.219898370173
"16114",3,55.5000861030955
"16115",3,59.3824544984166
"16116",3,25.8858310718151
"16117",3,31.7441202488467
"16118",3,73.5625217619214
"16119",3,29.3409890006766
"16120",3,35.824086696597
"16121",3,57.3493396710963
"16122",3,34.9427368182223
"16123",3,69.1668513558064
"16124",3,36.6238054726622
"16125",3,34.6861629477746
"16126",3,52.8112405338291
"16127",3,22.9209178763636
"16128",3,42.1250959386093
"16129",3,36.8814107754551
"16130",3,58.5074716476149
"16386",3,72.9964198878915
"16387",3,21.2355879518166
"16388",3,32.2155773334331
"16389",3,72.1824925132802
"16390",3,43.0077067371658
"16391",3,66.3925369684962
"16392",3,48.1773529890223
"16393",3,75.9013852723549
"16394",3,41.8261552275792
"16395",3,40.190166145548
"16396",3,20.5466888221951
"16397",3,29.174706814699
"16398",3,35.7799267219272
"16399",3,56.862801976719
"16400",3,40.0850441584791
"16401",3,61.6475477172067
"16402",3,75.830874601238
"16403",3,52.2041989034947
"16404",3,45.8777920166039
"16405",3,25.6856792066132
"16406",3,57.9511346348248
"16407",3,72.8037909178052
"16408",3,38.5278136941583
"16409",3,39.2111390660464
"16410",3,56.5129217765252
"16411",3,40.852466891663
"16412",3,24.7180605755325
"16413",3,29.3569061111444
"16414",3,60.9176803895129
"16415",3,67.2373796551758
"16416",3,38.7445299377047
"16417",3,54.2310176324394
"16418",3,25.0083691484547
"16419",3,38.7415104819416
"16420",3,37.6558897044088
"16421",3,45.8192680695423
"16422",3,35.5535792102853
"16423",3,37.9060196563312
"16424",3,43.8545105514115
"16425",3,30.8232430092273
"16426",3,30.30476608179
"16427",3,55.0610245005695
"16428",3,30.6608910779875
"16429",3,59.0918414457937
"16430",3,25.7553668303681
"16431",3,39.4401195836142
"16432",3,19.9680163374107
"16433",3,44.8264921955015
"16434",3,45.8160668882279
"16435",3,51.8687331361007
"16436",3,30.6740337928748
"16437",3,17.7494869949262
"16438",3,38.0856027423764
"16439",3,26.0116203317214
"16440",3,38.8314936139335
"16441",3,56.7347920803158
"16442",3,51.9948955921841
"16443",3,58.6797406527618
"16444",3,48.4162884429216
"16445",3,43.7138078177053
"16446",3,69.4636287830282
"16447",3,46.6854804983023
"16448",3,50.4836748737251
"16449",3,55.361562212024
"16450",3,37.7056608666109
"16451",3,35.8167637349229
"16452",3,27.0632094255624
"16453",3,42.519009603305
"16454",3,51.8349323285281
"16455",3,36.2552852879429
"16456",3,48.3766516087763
"16457",3,43.3609801102423
"16458",3,48.2692169297867
"16459",3,34.3202457438228
"16460",3,38.0028715022665
"16461",3,36.8706215084149
"16462",3,42.3231488528895
"16463",3,48.9409932197766
"16464",3,38.3170225793017
"16465",3,23.3984622141329
"16466",3,35.0670461283588
"16467",3,28.2613215132969
"16468",3,33.3569980612645
"16469",3,46.2622290650288
"16470",3,46.412955898214
"16556",3,35.426687350624
"16557",3,51.7940316223641
"16558",3,49.6416780107614
"16559",3,61.1393571045953
"16560",3,42.8035859781356
"16561",3,49.2971674760337
"16562",3,36.7419135366742
"16563",3,44.3836069244629
"16564",3,33.4543787979187
"16565",3,22.8989208287861
"16566",3,59.9471541908148
"16567",3,52.2201408172953
"16568",3,38.6589019561777
"16569",3,29.6861618692635
"16570",3,25.8889304595652
"16571",3,37.0224987025188
"16572",3,49.4473688404228
"16573",3,52.3721934370848
"16574",3,41.9161494746134
"16575",3,36.0547422054237
"16576",3,66.3206791166233
"16577",3,40.3479655592439
"16578",3,43.7369156114319
"16579",3,34.9008492675303
"16580",3,47.7052135865018
"16581",3,52.4081612798856
"16582",3,50.534915306379
"16583",3,48.778828946427
"16584",3,63.3564650096281
"16585",3,50.5683472454106
"16586",3,32.9047262616653
"16587",3,33.2911810786658
"16588",3,34.5936324333095
"16589",3,36.345116723197
"16590",3,72.7079132289413
"16591",3,35.1924969340022
"16592",3,42.7665072589723
"16593",3,50.8185151407269
"16594",3,38.4444591333864
"16595",3,63.0163055635924
"16596",3,27.3824842881567
"16597",3,61.2180646241003
"16598",3,54.7382021333407
"16599",3,82.4668516186671
"16600",3,40.838390037815
"16601",3,46.4335248772481
"16602",3,66.508104505418
"16603",3,25.9611288041083
"16604",3,40.9989326867721
"16605",3,42.2870597705133
"16606",3,37.7666466514128
"16607",3,55.4798270408993
"16608",3,38.3252290573328
"16609",3,35.102619072051
"16610",3,48.4242282459685
"16611",3,40.3051047845507
"16612",3,47.2898027527861
"16613",3,25.1451899464818
"16614",3,44.3511251008063
"16615",3,60.2351785976111
"16616",3,32.433172797693
"16617",3,20.5827266840745
"16618",3,50.9407563586878
"16619",3,22.0993122610427
"16620",3,39.1677854012865
"16621",3,65.0905704620165
"16622",3,31.8289791258595
"16623",3,27.6461793639264
"16624",3,45.2693904556476
"16625",3,47.5421162910526
"16626",3,40.1005596094214
"16627",3,47.719376313778
"16628",3,46.4600010406425
"16629",3,65.3025655426167
"16630",3,57.9937013848446
"16631",3,56.7261823387893
"16632",3,34.672529446739
"16633",3,24.765062957135
"16634",3,40.6727120781202
"16635",3,28.65248968073
"16636",3,58.9234239662749
"16637",3,35.5233019406366
"16638",3,39.8643280292733
"16639",3,76.0103294650878
"16640",3,43.680230877976
"16641",3,29.4316259615169
"16642",3,57.8256517452827
"16643",3,22.1786230372349
"16644",3,61.4781331862321
"16645",3,70.8154369874568
"16646",3,16.968400686596
"16647",3,36.4834352813902
"16648",3,41.7142004534338
"16649",3,42.8199240413044
"16650",3,49.8109078151392
"16651",3,43.5889475627877
"16652",3,38.2673026510518
"16653",3,41.8961282416037
"16654",3,50.8778007317868
"16655",3,36.0033476407189
"16656",3,32.8478973609423
"16657",3,53.0252123663891
"16658",3,49.1277709334965
"16659",3,31.1361618885623
"16660",3,63.196807426372
"16661",3,31.9271214780745
"16662",3,38.7429443996481
"16663",3,46.6464093941489
"16664",3,44.9315337011331
"16665",3,29.9989190626172
"16666",3,35.7903937682675
"16667",3,65.3825963208008
"16668",3,30.9104969835343
"16669",3,37.4352522382841
"16670",3,45.3136251277027
"16671",3,41.8761050476822
"16672",3,35.3236876553175
"16673",3,32.9543227215519
"16674",3,29.8227039753837
"16675",3,39.174310509945
"16676",3,57.3833566879995
"16677",3,69.6194384734607
"16678",3,58.6511023475566
"16679",3,33.6792737047714
"16680",3,59.8438587649753
"16681",3,46.1444827704061
"16682",3,39.8976237058937
"16683",3,28.2474233010539
"16684",3,41.1678896593434
"16685",3,38.9141423014471
"16686",3,58.5721237843159
"16687",3,52.6445465618561
"16688",3,60.5866690772837
"16689",3,34.4116699996402
"16690",3,25.7342624131544
"16691",3,31.6463296701047
"16692",3,38.0844484912989
"16693",3,34.9972061062838
"16694",3,42.0593254385591
"16695",3,80.4757039415524
"16696",3,18.7298283219397
"16697",3,43.6854130781483
"16698",3,45.8003980940301
"16699",3,42.4709662497838
"16700",3,36.0569047551396
"16701",3,34.8904514526968
"16702",3,59.1476241128992
"16703",3,45.408442075403
"16704",3,52.1143109820756
"16705",3,28.5269536844959
"16706",3,44.0141419221864
"16707",3,23.8268188673849
"16708",3,44.0797191993034
"16709",3,36.4956240611499
"16710",3,59.7989057578437
"16711",3,46.4791773120683
"16712",3,59.3488133004968
"16713",3,66.9328588744004
"16714",3,53.099756290549
"16715",3,47.7672949846832
"16716",3,40.2287208541259
"16717",3,25.3816568869985
"16718",3,43.1458894258027
"16719",3,46.7828174450941
"16720",3,42.268709261441
"16721",3,21.2628362864598
"16722",3,37.549150538021
"16723",3,42.4337357783103
"16724",3,39.6128285368315
"16725",3,43.859191772039
"16726",3,76.3949913266079
"16727",3,19.5456866314776
"16728",3,29.5765665175867
"16729",3,56.1140956466465
"16730",3,46.7001497013046
"16731",3,36.7792661400205
"16732",3,28.2967227986067
"16733",3,43.7343195747844
"16734",3,40.2666175095352
"16735",3,24.446664581178
"16736",3,31.9188854574387
"16737",3,48.2264247131072
"16738",3,30.1018136690115
"16739",3,49.5324278766606
"16740",3,52.2487723143857
"16741",3,40.6727975826206
"16742",3,43.2122143345833
"16743",3,45.6772810422934
"16744",3,50.0968395355241
"16745",3,25.7740050783203
"16746",3,29.9193471373035
"16747",3,31.6714446286805
"16748",3,56.840388496972
"16749",3,92.5848740704102
"16750",3,53.6759151902967
"16751",3,54.2160038143597
"16752",3,20.5509144733502
"16753",3,28.9809370104109
"16754",3,35.7893690111696
"16755",3,42.8966556014585
"16756",3,36.3266339563761
"16757",3,55.6042970812396
"16758",3,44.7867689432979
"16759",3,21.3580593005842
"16760",3,39.3887506562944
"16761",3,29.8059652498441
"16762",3,40.8536244731177
"16763",3,63.163954764485
"16764",3,32.2589172527969
"16765",3,58.8747409995755
"16766",3,31.2589508182433
"16767",3,34.5232930884657
"16768",3,45.719206821981
"16769",3,41.529056272444
"16770",3,86.9170548622939
"16771",3,23.8286169594023
"16772",3,44.1363932111748
"16773",3,66.2474629074875
"16774",3,41.3082101971558
"16775",3,42.4677186108589
"16776",3,55.6081158736811
"16777",3,37.7659230680719
"16778",3,48.2115968108188
"16779",3,71.2436753329268
"16780",3,46.9365615028293
"16781",3,44.0363169657702
"16782",3,28.6652655100748
"16783",3,38.7197602288734
"16784",3,32.8600587539952
"16785",3,33.3752155872447
"16786",3,48.4052478800993
"16787",3,56.945539197159
"16788",3,28.4919072250321
"16789",3,32.6580014991378
"16790",3,21.9339744543215
"16791",3,40.8023857851026
"16792",3,60.6681429230101
"16793",3,42.6926762665652
"16794",3,46.7008343270408
"16795",3,33.3448204653408
"16796",3,26.3189603600619
"16797",3,44.444072603033
"16798",3,26.6122852524659
"16799",3,29.74037182036
"16800",3,47.0994662142874
"16801",3,47.0391942647553
"16802",3,43.5010197781364
"16803",3,55.0234378186112
"16804",3,39.8252807768088
"16805",3,46.0002126529974
"16806",3,31.9819582322329
"16807",3,28.4577886685
"16808",3,44.5677045329761
"16809",3,29.9851809849991
"16810",3,53.0057455505076
"16811",3,22.5507185749035
"16812",3,56.5072411789691
"16813",3,35.5045187116442
"16814",3,62.0340659542254
"16815",3,34.9820029063531
"16816",3,42.0793062541983
"16817",3,29.6213568052996
"16818",3,38.7150015668456
"16819",3,74.6940376499772
"16820",3,75.9830301320768
"16821",3,28.7303553493168
"16822",3,42.9662948991242
"16823",3,52.2134286244296
"16824",3,69.8828615734346
"16825",3,44.0657168884256
"16826",3,67.2624292703032
"16827",3,51.0620515060662
"16828",3,35.3935835711559
"16829",3,46.1006476373253
"16830",3,29.6505046343007
"16831",3,45.2203573966907
"16832",3,46.3598149319776
"16833",3,43.4391263022198
"16834",3,67.2408496506148
"16835",3,32.7718923107444
"16836",3,76.9896127220495
"16837",3,53.4887288559251
"16838",3,44.0492589065838
"16839",3,30.691044249595
"16840",3,22.2166867517768
"16841",3,28.2322807190329
"16842",3,44.63300415705
"16843",3,34.9793841293483
"16844",3,28.6553177612243
"16845",3,65.5256774924789
"16846",3,30.9343418063824
"16847",3,31.6330956754979
"16848",3,33.8646210552008
"16849",3,55.9411808089283
"16850",3,37.8086266061137
"16851",3,61.5591880811253
"16852",3,47.0109090967525
"16853",3,59.8681754552958
"16854",3,37.2353994196137
"16855",3,29.5327053505139
"16856",3,20.7568121194215
"16857",3,35.3566347261672
"16858",3,25.1421758104475
"16859",3,46.7059377353944
"16860",3,36.9076652796791
"16861",3,38.1190190408004
"16862",3,29.2801970385165
"16863",3,38.5086016285185
"16864",3,23.2777997019354
"16865",3,60.4103340065268
"16866",3,32.251580554256
"16867",3,32.8389613886649
"16868",3,44.7060787486452
"16869",3,38.1867663431902
"16870",3,39.6473456962927
"16871",3,60.7023885832855
"16872",3,22.5582100511224
"16873",3,41.6816971077567
"16874",3,35.9504993898793
"16875",3,49.0521256346084
"16876",3,46.6977926383542
"16877",3,20.8916883353534
"16878",3,26.0267646163916
"16879",3,36.7968124026487
"16880",3,72.0393936605761
"16881",3,31.8187391072621
"16882",3,41.5160731719262
"16883",3,55.2796698270996
"16884",3,92.781207743841
"16885",3,82.1197183385126
"16886",3,67.0599488081676
"16887",3,44.824115062905
"16888",3,30.502275474543
"16889",3,39.8741454011481
"16890",3,58.5712276490867
"16891",3,61.8090799147644
"16892",3,40.1391246627761
"16893",3,32.4827680851127
"16894",3,35.971826368158
"16895",3,30.4058693845278
"16896",3,97.2645736972708
"16897",3,55.8415197847295
"16898",3,30.3676767180742
"16899",3,29.6453592181599
"16900",3,59.9742912474074
"16901",3,37.4465372525498
"16902",3,45.1795592360142
"16903",3,22.3112322148565
"16904",3,38.29035981028
"16905",3,55.3650418516982
"16906",3,63.3355067304037
"16907",3,42.6611535340803
"16908",3,22.8171005465026
"16909",3,41.5604576944093
"16910",3,46.1183398448032
"16911",3,34.1876961220687
"16912",3,33.3278789837741
"16913",3,33.5998529824944
"16914",3,75.1285120201915
"16915",3,67.2166122427266
"16916",3,38.3556726814438
"16917",3,20.6357449933753
"16918",3,32.2542241740996
"16919",3,34.6005630380258
"16920",3,30.0962890880464
"16921",3,53.926634053562
"16922",3,37.859947972799
"16923",3,48.928362443039
"16924",3,41.7639926569013
"16925",3,24.4076408094764
"16926",3,47.172763823637
"16927",3,40.2975735109432
"16928",3,30.8307858777612
"16929",3,31.9640067438962
"16930",3,43.8035531712274
"16931",3,19.6762227742447
"16932",3,27.2491576869898
"16933",3,41.0996399432911
"16934",3,35.6810808728003
"16935",3,34.2583784429506
"16936",3,57.1150131142233
"16937",3,41.6510444038214
"16938",3,49.6899421395235
"16939",3,24.2565150953329
"16940",3,55.5862482421175
"16941",3,39.0582623351111
"16942",3,36.0860363278636
"16943",3,36.2398907682261
"16944",3,51.6707978767729
"16945",3,24.3158634948619
"16946",3,18.6977622737196
"16947",3,23.2230391530251
"16948",3,60.7674755221019
"16949",3,45.9278628103296
"16950",3,57.25875160761
"16951",3,49.034799450214
"16952",3,83.0731185886068
"16953",3,53.3972560486584
"16954",3,42.6936182303918
"16955",3,41.8124543207191
"16956",3,44.0151641800126
"16957",3,64.2726681402777
"16958",3,72.1862122336328
"16959",3,67.4772671596374
"16960",3,42.7927450136585
"16961",3,22.7777439705986
"16962",3,25.1425390604308
"16963",3,30.4721171032837
"16964",3,39.0785336409949
"16965",3,32.4349249194002
"16966",3,27.8693642196285
"16967",3,39.9068553189964
"16968",3,30.607994392073
"16969",3,37.3061905977439
"16970",3,85.2561425047022
"16971",3,26.1684984719048
"16972",3,29.2851747964831
"16973",3,74.5981616559058
"16974",3,36.127394224219
"16975",3,35.0313984049793
"16976",3,38.3662424047359
"16977",3,22.1480140413327
"16978",3,79.6517173989002
"16979",3,34.9344185230295
"16980",3,42.884527184472
"17406",3,11.8891875044004
"17407",3,31.6342866903326
"17408",3,35.6459284648479
"17409",3,39.3639310949687
"17410",3,45.6772148180739
"17411",3,38.250793959739
"17412",3,32.7022134792259
"17413",3,47.7192511106958
"17414",3,59.4806604857354
"17415",3,60.8421008259217
"17416",3,49.0104554197996
"17417",3,63.2837666011898
"17418",3,35.9143587488724
"17419",3,58.5379461972229
"17420",3,38.025265877765
"17421",3,40.8359655091465
"17422",3,36.2922962927995
"17423",3,29.7183217799915
"17424",3,43.3525719329965
"17425",3,56.3264704685156
"17426",3,33.0846121445539
"17427",3,55.7046340518254
"17428",3,35.0392344906587
"17429",3,28.7176878918734
"17430",3,40.7999961650175
"17431",3,29.7831478405348
"17432",3,37.6016229667416
"17433",3,25.0239690140855
"17434",3,32.0189486346837
"17435",3,53.1807456596814
"17436",3,41.13682950107
"17437",3,39.5935717150245
"17438",3,48.8812933588682
"17439",3,52.9061731565395
"17440",3,49.922206314774
"17441",3,22.4222921327556
"17442",3,49.5532523983056
"17443",3,37.9938693686461
"17444",3,54.6274991554775
"17445",3,41.4365921852992
"17446",3,36.783990867407
"17447",3,38.9820647436995
"17448",3,84.4757577784084
"17449",3,48.9923185720257
"17450",3,73.2445465584659
"17451",3,34.8088184033291
"17452",3,26.1659070534763
"17453",3,33.0997440813281
"17454",3,43.0090569857962
"17455",3,40.4900115060757
"17456",3,55.433184203073
"17457",3,31.5132925423628
"17458",3,36.0300732547917
"17459",3,31.901343152418
"17460",3,65.0238586094035
"17461",3,40.2780518433351
"17462",3,33.2451251298626
"17463",3,61.4680707695089
"17464",3,39.9209108197578
"17465",3,65.1266024098274
"17466",3,28.0438026116638
"17467",3,65.8968310785594
"17468",3,43.1473742545738
"17469",3,33.0554797442166
"17470",3,27.1671621752742
"17471",3,88.3158484963259
"17472",3,30.9231902554415
"17473",3,33.9284210212415
"17474",3,33.2522928615465
"17475",3,57.6101806175947
"17476",3,46.9518325982216
"17477",3,32.8570140197905
"17478",3,41.3853631737365
"17479",3,61.3069458620048
"17480",3,38.5105577019628
"17481",3,55.5432060209394
"17482",3,32.3341410272196
"17483",3,53.5189998647509
"17484",3,47.0473218574608
"17485",3,63.2214069212186
"17486",3,65.9260483550288
"17487",3,40.0917509943272
"17488",3,38.2623506253065
"17489",3,56.6904642472127
"17490",3,54.492537083148
"17831",3,80.6769570954097
"17832",3,40.5708939494248
"17833",3,37.2962921301673
"17834",3,40.1932062144594
"17835",3,35.8130661101341
"17836",3,45.4561867912924
"17837",3,57.12501984406
"17838",3,44.8626007857003
"17839",3,35.3355892189745
"17840",3,46.8033210784211
"17841",3,34.0522346521499
"17842",3,31.8680219662227
"17843",3,52.4832386862781
"17844",3,54.4907302246208
"17845",3,40.9451578371004
"17846",3,31.4975045868097
"17847",3,57.300295443033
"17848",3,53.7258633338541
"17849",3,71.1423982631168
"17850",3,46.2745638206103
"17851",3,61.6284242236277
"17852",3,25.9129097594951
"17853",3,57.840796556059
"17854",3,28.3487222058378
"17855",3,35.4512127211022
"17856",3,49.6490348844671
"17857",3,45.620547363321
"17858",3,30.0260965472016
"17859",3,39.5139393939837
"17860",3,44.3635168913265
"17861",3,35.1106579428705
"17862",3,44.4630308506892
"17863",3,32.8482517384114
"17864",3,48.2023725282856
"17865",3,54.117293893674
"17866",3,54.7207116111116
"17867",3,31.8875188845244
"17868",3,45.8884048618347
"17869",3,35.6586831405971
"17870",3,32.6425181463345
"17871",3,33.2619461853326
"17872",3,39.5880544325763
"17873",3,48.2023418706126
"17874",3,28.3162252542434
"17875",3,48.0399775586997
"17876",3,24.2001454010708
"17877",3,45.6779119586056
"17878",3,39.2498383666915
"17879",3,28.8972693061316
"17880",3,47.1548844132038
"17881",3,33.1649417533382
"17882",3,53.1658627771223
"17883",3,28.2223313372419
"17884",3,18.3464445702786
"17885",3,40.0995164294702
"17886",3,44.8266095539032
"17887",3,49.0925747803865
"17888",3,59.2613654870526
"17889",3,91.7635559613485
"17890",3,75.2320720621212
"17891",3,48.508501683848
"17892",3,40.5178027169936
"17893",3,76.6227712285384
"17894",3,51.0586914682283
"17895",3,34.4866172744754
"17896",3,52.3738662363532
"17897",3,44.6404726416109
"17898",3,39.5113661991635
"17899",3,32.0702196985696
"17900",3,28.329966080605
"17901",3,46.2901570610924
"17902",3,34.6895445878413
"17903",3,26.0332090121584
"17904",3,26.6948818315647
"17905",3,37.738433447462
"17906",3,65.6177519557747
"17907",3,29.1766965328708
"17908",3,46.2831357443444
"17909",3,33.036603271307
"17910",3,22.4815845693296
"17911",3,33.0752078131202
"17912",3,35.5743969566828
"17913",3,42.5315795665307
"17914",3,45.5713600711874
"17915",3,51.5448548724143
"18171",3,55.8980562963056
"18172",3,47.7703537705535
"18173",3,29.646598024945
"18174",3,43.1224470219364
"18175",3,42.213518189244
"18176",3,69.1242433959145
"18177",3,46.8185542762117
"18178",3,36.0531053224159
"18179",3,57.544970621931
"18180",3,40.7000551002701
"18181",3,24.3213417995154
"18182",3,52.3665271791848
"18183",3,48.4605345719794
"18184",3,63.6273824418636
"18185",3,39.4875310026755
"18186",3,44.5496002751285
"18187",3,31.0272089916413
"18188",3,47.0233055558357
"18189",3,38.4047284097649
"18190",3,30.5038396532927
"18191",3,41.9763533879054
"18192",3,33.941592555539
"18193",3,27.1185193636291
"18194",3,33.0394393076316
"18195",3,33.0990998522982
"18196",3,63.7891109341124
"18197",3,47.6287622441408
"18198",3,47.6303561160035
"18199",3,43.9616686040943
"18200",3,35.4314353168797
"18201",3,24.0951485782415
"18202",3,71.1820240449442
"18203",3,71.3091980610403
"18204",3,47.0839027288899
"18205",3,38.7031509472076
"18206",3,41.8524153722311
"18207",3,60.449908628125
"18208",3,31.1128975941563
"18209",3,47.1689015280246
"18210",3,47.8426546082395
"18211",3,16.2467589426356
"18212",3,36.3454871684372
"18213",3,37.7040365569408
"18214",3,33.9331882800851
"18215",3,25.8978631116163
"18216",3,49.2363462362156
"18217",3,33.1928214284854
"18218",3,67.3190073013854
"18219",3,58.2676933573934
"18220",3,84.2506951488056
"18221",3,45.5871043897332
"18222",3,37.8222091316951
"18223",3,39.2095037777125
"18224",3,48.475788108048
"18225",3,60.983762683696
"18226",3,47.9278037292267
"18227",3,29.4083839082491
"18228",3,38.4561317442968
"18229",3,50.7123194105809
"18230",3,62.1160372029062
"18231",3,21.6461262308824
"18232",3,31.3802867295679
"18233",3,38.3812910802733
"18234",3,39.5977030318388
"18235",3,41.5717097054777
"18236",3,58.0989163484012
"18237",3,80.9637461871916
"18238",3,40.4356868724702
"18239",3,30.8123818524764
"18240",3,46.1896677027133
"18241",3,37.8846407941701
"18242",3,43.9704739402074
"18243",3,40.1623802448305
"18244",3,33.1883227609781
"18245",3,33.3643018230034
"18246",3,23.7179772058174
"18247",3,36.5071074472792
"18248",3,44.5729087288463
"18249",3,42.7876083716278
"18250",3,50.2799193294915
"18251",3,56.009347246684
"18252",3,63.8147494038164
"18253",3,62.1039606873794
"18254",3,47.9067947885408
"18255",3,44.7355589384357
"18596",3,41.8300071429242
"18597",3,54.9326580503906
"18598",3,48.3560431837469
"18599",3,28.49211163037
"18600",3,24.4319314358954
"18601",3,57.3983910489333
"18602",3,59.1523982632383
"18603",3,22.8552782504164
"18604",3,50.7943230742991
"18605",3,63.1838531951245
"18606",3,25.7222613423803
"18607",3,36.4185275769675
"18608",3,69.7939894725633
"18609",3,49.937278083767
"18610",3,31.5399479913459
"18611",3,34.7284697760459
"18612",3,30.2292798432231
"18613",3,36.5760495840724
"18614",3,54.8058735578313
"18615",3,31.5935192313361
"18616",3,37.9144705608123
"18617",3,57.132529458259
"18618",3,32.115267737846
"18619",3,32.3596677888464
"18620",3,58.901416517244
"18621",3,40.2849648894481
"18622",3,34.9819774069784
"18623",3,49.4436109676584
"18624",3,51.495921454683
"18625",3,27.2780047378623
"18626",3,68.6230146006949
"18627",3,30.4368588856034
"18628",3,44.0070980522225
"18629",3,48.9337021692144
"18630",3,69.4701797278263
"18631",3,49.096547907648
"18632",3,61.7634052989669
"18633",3,43.2067728647898
"18634",3,43.8394746784454
"18635",3,28.6792668228866
"18636",3,84.1181368030842
"18637",3,46.4276236716851
"18638",3,69.0518707893016
"18639",3,45.7905176077346
"18640",3,31.2540822808744
"18641",3,58.7637159809336
"18642",3,55.95598666417
"18643",3,34.9921422640302
"18644",3,35.790367458569
"18645",3,62.3309380237656
"18646",3,33.3239369027716
"18647",3,35.5034658088301
"18648",3,23.7984418094047
"18649",3,52.1587313036036
"18650",3,45.8794349906171
"18651",3,33.3692251148057
"18652",3,35.7444851708412
"18653",3,44.3050758461002
"18654",3,39.0514310002334
"18655",3,32.995672839085
"18656",3,75.3565748624977
"18657",3,44.0181199487694
"18658",3,55.4636153873692
"18659",3,49.0975880511986
"18660",3,35.3346880690065
"18661",3,38.284015944344
"18662",3,41.7680417629607
"18663",3,39.8588820111482
"18664",3,31.1512763043628
"18665",3,59.9545298899086
"18666",3,31.6565340715441
"18667",3,31.4137305915974
"18668",3,64.8801694898573
"18669",3,53.253666902488
"18670",3,36.3439217286406
"18671",3,53.1454769593471
"18672",3,60.7467045748353
"18673",3,18.2529936208351
"18674",3,39.5431375952592
"18675",3,34.7536845286049
"18676",3,42.012439739515
"18677",3,52.2245967124258
"18678",3,64.3619582232716
"18679",3,51.0001126821707
"18680",3,42.1758103710286
"18681",3,40.6409842290315
"18682",3,63.0757025444703
"18683",3,35.8464233189551
"18684",3,27.877408023918
"18685",3,23.4389726914046
"18686",3,40.7054305147403
"18687",3,34.3292081973895
"18688",3,28.2457470081748
"18689",3,31.2119864856845
"18690",3,47.924793472156
"18691",3,20.2691424489184
"18692",3,51.5804132363928
"18693",3,42.7438228461743
"18694",3,23.3949448494538
"18695",3,45.3550015528069
"18696",3,34.046856170377
"18697",3,44.7189192007549
"18698",3,28.0236164695516
"18699",3,44.5898209765477
"18700",3,42.2309330303192
"18701",3,31.720064439498
"18702",3,14.3875090688218
"18703",3,38.8311879751558
"18704",3,50.8228433234192
"18705",3,32.3373422330721
"18706",3,76.1704165997504
"18707",3,26.6379509297493
"18708",3,28.685646194471
"18709",3,39.4056006139078
"18710",3,26.3473643105722
"18711",3,53.9277809870641
"18712",3,31.1030301887017
"18713",3,43.2223523888349
"18714",3,26.7807520622599
"18715",3,30.1561948047272
"18716",3,34.3407385667658
"18717",3,75.256382162396
"18718",3,35.6752925783404
"18719",3,29.8464122375564
"18720",3,51.537843051701
"18721",3,66.6620543412467
"18722",3,31.6597319512775
"18723",3,36.9986820892496
"18724",3,48.6368986650528
"18725",3,29.0085019039278
"18726",3,44.3880196665806
"18727",3,21.485509427649
"18728",3,37.9894320422394
"18729",3,30.5907528362548
"18730",3,31.5770847293854
"18731",3,46.5665002597161
"18732",3,36.9905171623645
"18733",3,40.4755914455971
"18734",3,29.8541775332754
"18735",3,45.3286460159571
"18736",3,41.7519626889261
"18737",3,35.5826215879675
"18738",3,31.4967590153892
"18739",3,51.4124203755271
"18740",3,44.5771239870473
"18741",3,31.1962626625563
"18742",3,65.269463141857
"18743",3,35.6526706231917
"18744",3,59.9680476259135
"18745",3,43.5316254379781
"18746",3,31.6160629941421
"18747",3,24.6150922767854
"18748",3,28.3718105573644
"18749",3,42.1740987975608
"18750",3,44.2016290842135
"18751",3,31.6599425727408
"18752",3,41.0162708722025
"18753",3,62.6486100698381
"18754",3,42.3388565597454
"18755",3,43.251807037952
"18756",3,49.421078256711
"18757",3,64.7630516455769
"18758",3,23.3081258049342
"18759",3,27.9226991034818
"18760",3,23.1076915674461
"18761",3,29.6221308256478
"18762",3,53.220968119748
"18763",3,47.6516179903719
"18764",3,45.6928232211591
"18765",3,44.1183108509405
"18936",3,59.1986236333784
"18937",3,28.1855187124024
"18938",3,25.3186242013578
"18939",3,48.2902430969967
"18940",3,32.7013577185052
"18941",3,49.5854277063865
"18942",3,86.8865889069386
"18943",3,57.371558392412
"18944",3,52.3507243476941
"18945",3,39.0449761255778
"18946",3,68.7994670164248
"18947",3,27.347909124556
"18948",3,58.658822537966
"18949",3,60.8026602288864
"18950",3,26.1443413626302
"18951",3,30.9182349769174
"18952",3,28.2383083942152
"18953",3,49.5446876656385
"18954",3,56.1679598291423
"18955",3,33.5727894316424
"18956",3,61.6009809830825
"18957",3,33.8243604040884
"18958",3,24.0521707022035
"18959",3,31.522048213127
"18960",3,56.8397731208115
"18961",3,44.1321802702355
"18962",3,43.1742530773384
"18963",3,49.5501211747108
"18964",3,33.9502707543156
"18965",3,59.343036691708
"18966",3,35.0399466877245
"18967",3,36.4461643872701
"18968",3,31.2818928336029
"18969",3,35.9329248552613
"18970",3,59.3517055328261
"18971",3,55.8484152597093
"18972",3,41.2874458455383
"18973",3,33.8751796244141
"18974",3,41.5119479867155
"18975",3,30.9230175858269
"18976",3,38.2269957914031
"18977",3,33.7669249888544
"18978",3,39.9705573464119
"18979",3,36.5935345645638
"18980",3,39.7932199729834
"18981",3,50.0225916122944
"18982",3,48.6084380866989
"18983",3,36.8919736150905
"18984",3,53.1651338820033
"18985",3,21.9728081718911
"18986",3,62.8682597889791
"18987",3,62.0235238001046
"18988",3,53.2340209156614
"18989",3,46.9234425329728
"18990",3,31.4647333773317
"18991",3,25.5661209703608
"18992",3,57.8631923850133
"18993",3,42.8438824091498
"18994",3,71.4033592586056
"18995",3,33.5626494748509
"18996",3,29.8111652826413
"18997",3,33.4979108245636
"18998",3,40.3179859173916
"18999",3,28.1731629465989
"19000",3,76.9673415408789
"19001",3,25.6333464108444
"19002",3,24.9131701919932
"19003",3,38.6519052633833
"19004",3,33.1246677375035
"19005",3,29.3398535073441
"19006",3,89.1772406531975
"19007",3,31.1690505756116
"19008",3,61.0541411117073
"19009",3,65.2272532625859
"19010",3,36.4519075993798
"19011",3,51.8996799526874
"19012",3,23.765998034957
"19013",3,37.3631269588136
"19014",3,35.5731518165365
"19015",3,49.5743802498677
"19016",3,64.9352532602285
"19017",3,26.8154450047163
"19018",3,66.246230724137
"19019",3,72.458981728357
"19020",3,38.5029212379635
"19021",3,24.9617855700372
"19022",3,50.4049079634258
"19023",3,43.9720341100603
"19024",3,32.8283539248337
"19025",3,74.1600981463686
"19026",3,33.6008156734977
"19027",3,45.6538500248739
"19028",3,48.6646865662952
"19029",3,25.4292275627763
"19030",3,65.8762102086303
"19031",3,73.4293975086312
"19032",3,50.5342734772101
"19033",3,60.7052731865817
"19034",3,35.123120185298
"19035",3,38.6685922519155
"19036",3,50.5880200033105
"19037",3,47.0081335710391
"19038",3,32.5776848843515
"19039",3,43.4944394639658
"19040",3,61.8153960072934
"19041",3,33.5846346869922
"19042",3,36.1719410584503
"19043",3,29.5070299503371
"19044",3,53.6885632903924
"19045",3,32.5957366774981
"19046",3,50.9481602535887
"19047",3,30.9124416540352
"19048",3,30.3224188624406
"19049",3,41.4284975094603
"19050",3,28.1387779560729
"19051",3,65.8887350972466
"19052",3,46.5822926143824
"19053",3,38.3026367158582
"19054",3,26.4873849770641
"19055",3,18.3277134903431
"19056",3,66.3703980609023
"19057",3,72.4332349548639
"19058",3,55.0403344750961
"19059",3,30.9333605467163
"19060",3,64.9780545208998
"19061",3,54.6314992853992
"19062",3,27.2814198880493
"19063",3,72.1315147689838
"19064",3,23.6387564477528
"19065",3,21.9470958145715
"19066",3,50.2052707907042
"19067",3,29.2909616508717
"19068",3,20.2797872623988
"19069",3,27.3126615421391
"19070",3,97.3483716366337
"19071",3,49.8318498987329
"19072",3,27.064334262632
"19073",3,36.7174827020289
"19074",3,48.5366269711758
"19075",3,38.4484204706581
"19076",3,47.6275715673793
"19077",3,39.1705437322453
"19078",3,55.4404977569508
"19079",3,54.723044039667
"19080",3,56.6675499115887
"19081",3,40.1121252866544
"19082",3,24.8017670287623
"19083",3,73.9844425960824
"19084",3,36.470974325773
"19085",3,36.420760352801
"19086",3,86.3774253468316
"19087",3,57.153388416651
"19088",3,41.2458583673235
"19089",3,52.8881045492526
"19090",3,47.4602063531386
"19091",3,44.7190900900959
"19092",3,36.5834279735619
"19093",3,62.1444284388152
"19094",3,52.7133414521243
"19095",3,40.1800007326786
"19096",3,53.9470466868773
"19097",3,42.4107681383464
"19098",3,45.3337071777013
"19099",3,65.9107955663098
"19100",3,47.7142659210841
"19101",3,47.853481383986
"19102",3,54.4661872103543
"19103",3,36.2536066108909
"19104",3,29.5363576846906
"19105",3,61.1750790486064
"19276",3,38.4905085252514
"19277",3,44.3089255306858
"19278",3,35.2723510653267
"19279",3,21.3385063082574
"19280",3,38.0262509211681
"19281",3,47.1345394789175
"19282",3,34.6232026077508
"19283",3,28.8731071882055
"19284",3,47.3587311643584
"19285",3,66.4445823505381
"19286",3,22.6678987658343
"19287",3,35.966718811616
"19288",3,19.9917882882263
"19289",3,48.488340708116
"19290",3,20.0392260140535
"19291",3,49.8089340855011
"19292",3,48.6022967874561
"19293",3,41.1287884821859
"19294",3,57.1208148767035
"19295",3,61.1490830176666
"19296",3,51.2512871854968
"19297",3,55.7733302880792
"19298",3,32.5437961808588
"19299",3,59.3753970870022
"19300",3,30.6193354452452
"19301",3,56.7601623419128
"19302",3,41.3948007006889
"19303",3,66.3014675953553
"19304",3,50.914388005844
"19305",3,42.9132119937242
"19306",3,48.8070574119385
"19307",3,60.7817171295281
"19308",3,27.6542941304954
"19309",3,71.3376307347716
"19310",3,38.1244047010042
"19311",3,48.9464082937946
"19312",3,22.6824117300745
"19313",3,39.0484090626429
"19314",3,38.837664209275
"19315",3,58.0957500585602
"19316",3,36.4450741543415
"19317",3,57.3529153631696
"19318",3,54.9959178553611
"19319",3,29.8642962026664
"19320",3,72.2223257824235
"19321",3,25.2109460990705
"19322",3,24.6261445146598
"19323",3,86.4133689075204
"19324",3,29.6072139058474
"19325",3,37.752530605843
"19326",3,35.1084933039375
"19327",3,39.0571731431755
"19328",3,38.6240680261028
"19329",3,53.6944546454412
"19330",3,43.0250006728379
"19331",3,42.401762507105
"19332",3,41.2828866518881
"19333",3,42.5723574322318
"19334",3,41.0989820661605
"19335",3,52.1455660407599
"19336",3,41.4296527708024
"19337",3,52.7853432061617
"19338",3,42.1567398173045
"19339",3,54.8898103965638
"19340",3,52.9529819385517
"19341",3,30.9728161733235
"19342",3,29.0737688965293
"19343",3,25.2900341345986
"19344",3,28.7824541381396
"19345",3,14.1167471357945
"19346",3,69.9657234495447
"19347",3,58.0039891555452
"19348",3,32.1998215109261
"19349",3,35.8710129030267
"19350",3,73.7663467294223
"19351",3,24.765278052566
"19352",3,42.2717585768375
"19353",3,26.7008217820097
"19354",3,48.7394145892633
"19355",3,67.2843290874144
"19356",3,53.1040146022501
"19357",3,48.944156548794
"19358",3,32.4668867344643
"19359",3,65.0185014958587
"19360",3,44.6201867229531
"19361",3,60.9533501143948
"19362",3,52.0732344264839
"19363",3,37.7179765037522
"19364",3,49.4563444876574
"19365",3,42.7875234719306
"19366",3,51.5973588115508
"19367",3,20.7422649718431
"19368",3,37.3548020156104
"19369",3,26.9859508585132
"19370",3,47.8408495922574
"19371",3,29.7288194641031
"19372",3,28.7075036241948
"19373",3,36.7084634688667
"19374",3,34.0658024198681
"19375",3,36.01312607221
"19376",3,46.7389099365565
"19377",3,41.7312779045873
"19378",3,45.8368350096932
"19379",3,28.3967556745499
"19380",3,47.1066687459843
"19381",3,33.7992436949577
"19382",3,41.1232766141992
"19383",3,30.0084149045805
"19384",3,47.0491006884719
"19385",3,50.1050918832034
"19386",3,44.1848967947308
"19387",3,44.0518500879043
"19388",3,60.4661879487503
"19389",3,50.3895103261172
"19390",3,55.6218816037533
"19391",3,37.7300768815902
"19392",3,39.5317504324
"19393",3,53.4518958912869
"19394",3,44.7385788052672
"19395",3,48.0110284794141
"19396",3,78.4030542246891
"19397",3,57.1603072750781
"19398",3,52.4663204191555
"19399",3,81.6034618197005
"19400",3,31.6926117589457
"19401",3,54.4561631005054
"19402",3,35.5417308139985
"19403",3,47.457343233166
"19404",3,25.8449297509614
"19405",3,29.4868486236054
"19406",3,58.7954995777635
"19407",3,25.9486439768071
"19408",3,27.6867720456827
"19409",3,47.9482809741179
"19410",3,35.6693841393592
"19411",3,30.8030249068278
"19412",3,30.1273661314424
"19413",3,36.3767930764266
"19414",3,56.9679899485694
"19415",3,38.5707369110998
"19416",3,53.5327830967566
"19417",3,28.0847206753225
"19418",3,43.8584098559856
"19419",3,44.7006621819504
"19420",3,44.3322247660006
"19421",3,31.7168866408788
"19422",3,43.0329793219544
"19423",3,53.7699142358693
"19424",3,42.3473261199524
"19425",3,48.4099618914158
"19426",3,52.7989562087105
"19427",3,63.5867950484084
"19428",3,41.7540998861575
"19429",3,27.4441739221846
"19430",3,55.1826292515653
"19431",3,64.6690006540487
"19432",3,42.6037521500603
"19433",3,31.2004776551125
"19434",3,26.8687072632922
"19435",3,32.5686119680785
"19436",3,44.3845802216122
"19437",3,44.8386219792749
"19438",3,45.9950787271701
"19439",3,40.0901439628161
"19440",3,34.7279738648023
"19441",3,27.1484686095731
"19442",3,56.0843105809593
"19443",3,47.5806509307908
"19444",3,26.034008812305
"19445",3,44.4240594827916
"19701",3,36.6089192843259
"19702",3,28.73463202938
"19703",3,22.5077807729244
"19704",3,28.5414903278028
"19705",3,36.1273010878306
"19706",3,37.2748779795017
"19707",3,54.3736021273202
"19708",3,37.8577027795129
"19709",3,31.1112921111695
"19710",3,37.8076719095619
"19711",3,40.8415709413944
"19712",3,46.3928328297245
"19713",3,55.6011257356063
"19714",3,57.3395724320781
"19715",3,52.6626536641245
"19716",3,19.4689525346465
"19717",3,27.0720765633395
"19718",3,41.7041967443299
"19719",3,32.9781019417922
"19720",3,29.4676856222003
"19721",3,33.6982967653254
"19722",3,51.3850788704269
"19723",3,49.4641096689285
"19724",3,60.6372749537377
"19725",3,42.3761443038867
"19726",3,27.4312161207209
"19727",3,68.10646223106
"19728",3,33.1885744030041
"19729",3,44.5188754635508
"19730",3,42.3081083792162
"19731",3,47.3120956000917
"19732",3,29.4026973744142
"19733",3,25.5364500783499
"19734",3,50.8660433263587
"19735",3,37.1101110558008
"19736",3,22.2836240751922
"19737",3,27.6682597180126
"19738",3,49.9295491125527
"19739",3,42.0288772618464
"19740",3,31.4792292686201
"19741",3,51.4812344594921
"19742",3,45.4289696478194
"19743",3,42.8129157938018
"19744",3,63.6851560860302
"19745",3,34.6438177787262
"19746",3,44.7375645009879
"19747",3,67.1183254014507
"19748",3,40.0715362860013
"19749",3,76.278637103056
"19750",3,45.3265510409848
"19751",3,46.228520091841
"19752",3,67.4294027193022
"19753",3,43.0455757400111
"19754",3,29.9797526947743
"19755",3,24.2842244896626
"19756",3,36.3673221998529
"19757",3,32.6531236670238
"19758",3,33.6715474591169
"19759",3,60.405013480544
"19760",3,58.6131236109072
"19761",3,47.5954045099729
"19762",3,46.9209784272004
"19763",3,26.604330431965
"19764",3,67.6142478038476
"19765",3,44.2846368953465
"19766",3,28.817423175874
"19767",3,64.5296301077349
"19768",3,68.4490877165542
"19769",3,62.8910252565522
"19770",3,49.1535164584475
"19771",3,30.4874157435147
"19772",3,26.6879801931093
"19773",3,67.5423519642527
"19774",3,48.1151325345508
"19775",3,38.0135273548403
"19776",3,33.8864143338729
"19777",3,58.0102818605546
"19778",3,31.4194884425268
"19779",3,58.2290840989136
"19780",3,59.1482897505536
"19781",3,39.8125661189582
"19782",3,49.5029406840288
"19783",3,61.0126220665965
"19784",3,49.2394745354933
"19785",3,43.8463740176027
"19786",3,27.272795111898
"19787",3,35.7356615681271
"19788",3,51.7663166357823
"19789",3,33.6199605092973
"19790",3,65.6468298609138
"19791",3,74.5699166708907
"19792",3,39.0825828163774
"19793",3,48.0717374940482
"19794",3,47.8651799398887
"19795",3,41.2191809017122
"19796",3,44.8208897880461
"19797",3,38.8528662236058
"19798",3,29.7193917216601
"19799",3,62.0606519154988
"19800",3,50.4361465543471
"19801",3,34.3080804380478
"19802",3,43.5513156942371
"19803",3,50.2200968772644
"19804",3,23.3699199843519
"19805",3,44.061183655889
"19806",3,28.0992417731197
"19807",3,36.8091597489065
"19808",3,24.7041470272206
"19809",3,24.4002424785898
"19810",3,19.9946374278513
"19811",3,51.9866323268788
"19812",3,74.7562361757393
"19813",3,60.5608451739493
"19814",3,31.2720598539421
"19815",3,33.8681627425621
"19816",3,61.5997787338411
"19817",3,21.1546617248506
"19818",3,35.3226383910808
"19819",3,39.573096931359
"19820",3,24.0066539760968
"19821",3,67.3374528833622
"19822",3,48.5504802356507
"19823",3,60.9618253271243
"19824",3,38.1246279129656
"19825",3,43.9991896997952
"19826",3,46.3490762032796
"19827",3,66.0830007605155
"19828",3,68.0422401526228
"19829",3,34.7477441888319
"19830",3,59.4145710820918
"19831",3,49.4304838403155
"19832",3,55.1706642297947
"19833",3,26.458945387702
"19834",3,39.0411731686008
"19835",3,64.1261394602726
"19836",3,44.4592276641295
"19837",3,43.7556237820029
"19838",3,34.786395139056
"19839",3,59.1163501667784
"19840",3,43.2900549691421
"19841",3,44.8339500193704
"19842",3,33.3678177132821
"19843",3,60.8113861382796
"19844",3,43.0445138112982
"19845",3,60.4298458296783
"19846",3,41.4951916307081
"19847",3,43.4222798644462
"19848",3,45.1228404878925
"19849",3,36.5716993059044
"19850",3,21.7719026009394
"19851",3,33.1575620319369
"19852",3,32.1086461449583
"19853",3,38.9568796386413
"19854",3,31.2338038461166
"19855",3,40.3500721197641
"19856",3,41.4851983634609
"19857",3,68.7010392201459
"19858",3,39.8726216644667
"19859",3,74.6809173231728
"19860",3,43.6959389843275
"19861",3,43.7272537169546
"19862",3,49.110293636983
"19863",3,43.9124011180202
"19864",3,31.435806985225
"19865",3,48.427478370861
"19866",3,58.6255998292384
"19867",3,50.0684968534492
"19868",3,43.5658933296843
"19869",3,32.727345901689
"19870",3,57.6474382468631
"20041",3,52.5421073081969
"20042",3,26.3459911539079
"20043",3,42.7071870769467
"20044",3,54.8483958067112
"20045",3,52.0880249418203
"20046",3,44.3259954856449
"20047",3,45.456983751532
"20048",3,45.7731599152508
"20049",3,46.5298735854821
"20050",3,50.2693861256154
"20051",3,34.4434595710507
"20052",3,17.71196117333
"20053",3,27.0772926036764
"20054",3,43.1376684634684
"20055",3,39.6007241830182
"20056",3,71.7885510909376
"20057",3,28.8279620913112
"20058",3,34.7644190157989
"20059",3,26.1057787836053
"20060",3,43.8836938935935
"20061",3,36.7415477288002
"20062",3,46.0916394826985
"20063",3,71.6936406127806
"20064",3,38.1053717903589
"20065",3,41.3518885803628
"20066",3,42.5222512036423
"20067",3,76.264781233698
"20068",3,34.1960738384509
"20069",3,57.5178008227905
"20070",3,50.3763570081296
"20071",3,46.4616184099646
"20072",3,47.1953701618507
"20073",3,70.2456632222753
"20074",3,70.1167789910298
"20075",3,56.1154146688442
"20076",3,19.2692163854406
"20077",3,47.6841326687895
"20078",3,47.8745431535207
"20079",3,48.6169887793703
"20080",3,42.710545381979
"20081",3,50.0068869608901
"20082",3,66.6725883612995
"20083",3,42.8554840510806
"20084",3,48.7988410762056
"20085",3,29.6449355424192
"20086",3,42.9332900568929
"20087",3,52.8170787518629
"20088",3,58.5722581041433
"20089",3,40.1200116141383
"20090",3,42.2847331687226
"20091",3,20.2108149138314
"20092",3,62.5591955928382
"20093",3,54.1356083865725
"20094",3,40.5702352496532
"20095",3,50.7955659470035
"20096",3,47.0611779420498
"20097",3,44.696042563012
"20098",3,72.5343026526464
"20099",3,27.793656977142
"20100",3,32.5362953537754
"20101",3,48.6754449797274
"20102",3,43.8508359981089
"20103",3,34.4049233181901
"20104",3,57.8508003715157
"20105",3,53.0692088449622
"20106",3,60.9430177581294
"20107",3,30.7018476114923
"20108",3,21.8560476375723
"20109",3,42.4386041173455
"20110",3,38.0393650877752
"20111",3,21.396593823341
"20112",3,30.7871733513246
"20113",3,40.6086826870439
"20114",3,20.9467345173332
"20115",3,21.0479248354847
"20116",3,56.0711536383654
"20117",3,28.4829706364071
"20118",3,31.8924859107345
"20119",3,47.4066916571938
"20120",3,27.1235998572977
"20121",3,32.599934003194
"20122",3,54.7205102511743
"20123",3,33.1058722025607
"20124",3,54.6123850926647
"20125",3,16.4502634485956
"20126",3,26.4983715978033
"20127",3,54.5776446845415
"20128",3,50.9777128421777
"20129",3,42.5958172371055
"20130",3,37.6465560623467
"20131",3,36.7648028411941
"20132",3,42.4070944773865
"20133",3,63.154418781497
"20134",3,36.747843481928
"20135",3,63.4126838225762
"20136",3,21.6309589623938
"20137",3,44.1214119565855
"20138",3,75.2909732869476
"20139",3,49.9862361432932
"20140",3,25.6830214756896
"20141",3,64.4802859868072
"20142",3,30.9081451833297
"20143",3,44.6775901437209
"20144",3,59.6664455801252
"20145",3,32.6402193023562
"20146",3,40.1539128772292
"20147",3,27.3834812160613
"20148",3,55.1001105163147
"20149",3,44.6652109225609
"20150",3,48.746004670331
"20151",3,32.8170404501763
"20152",3,33.684300603433
"20153",3,38.6521499170497
"20154",3,38.0767691175447
"20155",3,38.0679963940856
"20156",3,35.7657513122128
"20157",3,48.3821820429623
"20158",3,36.9295350764541
"20159",3,34.4755487635884
"20160",3,25.3267653939267
"20161",3,61.6270503748341
"20162",3,20.7260407068503
"20163",3,39.3508964091433
"20164",3,37.9378591639741
"20165",3,47.8913792657643
"20166",3,32.1257265211692
"20167",3,37.441522802727
"20168",3,61.2176482753712
"20169",3,33.9393409820467
"20170",3,22.3615728044511
"20171",3,66.3706549881964
"20172",3,48.8382071131655
"20173",3,35.4620134686932
"20174",3,31.0473843156013
"20175",3,17.5113908954582
"20176",3,56.8327365683541
"20177",3,35.9224332474581
"20178",3,20.2567066294027
"20179",3,46.0673616282903
"20180",3,50.1548430140797
"20181",3,43.1967281303179
"20182",3,47.7473290354993
"20183",3,41.9861003170422
"20184",3,59.7236033587452
"20185",3,47.8218534295179
"20186",3,54.3615919557738
"20187",3,36.8749556790595
"20188",3,35.0920351349379
"20189",3,57.4829962854738
"20190",3,45.2305144214486
"20191",3,40.0163483431539
"20192",3,48.2102135186212
"20193",3,35.2993610173715
"20194",3,64.6938229151263
"20195",3,27.3092149021298
"20196",3,44.2895739991562
"20197",3,46.1490069679823
"20198",3,55.2522775290205
"20199",3,56.2801126807638
"20200",3,40.6128123024518
"20201",3,29.054718261987
"20202",3,48.1372894958097
"20203",3,55.6009211022404
"20204",3,47.119989137871
"20205",3,32.9660336019348
"20206",3,43.3316751481645
"20207",3,24.567207093671
"20208",3,42.6923758808564
"20209",3,41.6478243914455
"20210",3,53.4148516796707
"20296",3,62.2082588524806
"20297",3,36.656674383618
"20298",3,40.8012191806527
"20299",3,43.0351836900051
"20300",3,37.4700270552328
"20301",3,38.5414124069834
"20302",3,46.8718205785413
"20303",3,22.1965807232471
"20304",3,72.8749042940421
"20305",3,40.2132450585294
"20306",3,47.6961483447886
"20307",3,48.0366834959077
"20308",3,54.8753680223737
"20309",3,26.4988073484043
"20310",3,43.7059625523869
"20311",3,51.3403137453244
"20312",3,49.7354347750419
"20313",3,43.9473405745191
"20314",3,29.4974306028509
"20315",3,38.8804213376475
"20316",3,18.1027056666313
"20317",3,42.5397538349821
"20318",3,49.8409993366832
"20319",3,35.8784558258419
"20320",3,65.5012106319049
"20321",3,33.9980984763246
"20322",3,42.2823221829985
"20323",3,61.3895109897765
"20324",3,43.9363962264417
"20325",3,19.6963870325179
"20326",3,42.8319298743034
"20327",3,44.6969145679647
"20328",3,37.0333262531771
"20329",3,45.5073920590464
"20330",3,58.6959894153827
"20331",3,44.0260854509078
"20332",3,31.0538490343618
"20333",3,64.7712500868821
"20334",3,75.961831361569
"20335",3,56.06260123616
"20336",3,50.3774292043811
"20337",3,39.53800407681
"20338",3,27.9889176325786
"20339",3,44.5150665562915
"20340",3,28.1654355600616
"20341",3,51.6456023403811
"20342",3,56.9168816332026
"20343",3,55.1287276446899
"20344",3,52.3149451090461
"20345",3,44.7193233978956
"20346",3,51.3029628159464
"20347",3,68.7363650320103
"20348",3,43.2307941964149
"20349",3,71.9453426619061
"20350",3,39.2496652186818
"20351",3,70.8947444208362
"20352",3,44.7300883690446
"20353",3,53.3898556335045
"20354",3,36.8780959182355
"20355",3,30.6721770920026
"20356",3,37.1816484334695
"20357",3,47.4928012029572
"20358",3,35.8410288139529
"20359",3,64.2843095213289
"20360",3,58.6700965137873
"20361",3,51.3582773028692
"20362",3,37.0478363846222
"20363",3,47.3318474989822
"20364",3,39.9213933769139
"20365",3,69.5350851045291
"20366",3,33.9023283401197
"20367",3,45.4708583108435
"20368",3,34.5296445887458
"20369",3,49.5403593118388
"20370",3,97.0905730314282
"20371",3,46.1011962132823
"20372",3,45.2292669276391
"20373",3,48.7496838106427
"20374",3,41.30246121813
"20375",3,68.1514075959814
"20376",3,41.3547859112875
"20377",3,40.6385986040143
"20378",3,49.0583069874025
"20379",3,43.4322844615449
"20380",3,37.5838018186452
"20466",3,76.4946040122422
"20467",3,34.099625289345
"20468",3,41.5450489336769
"20469",3,40.3944947023534
"20470",3,34.7987180647303
"20471",3,60.921709251385
"20472",3,46.2004828446649
"20473",3,27.6853179165663
"20474",3,44.5802846486498
"20475",3,99.4219926013109
"20476",3,44.602012243046
"20477",3,51.901235246836
"20478",3,59.2489616291814
"20479",3,35.4507284181888
"20480",3,58.7988196246905
"20481",3,75.6214976456286
"20482",3,45.9897288834445
"20483",3,61.2494513597405
"20484",3,39.4997783678555
"20485",3,55.0919392996244
"20486",3,25.0003913667804
"20487",3,31.6653010802925
"20488",3,48.6118146975603
"20489",3,51.0118450686909
"20490",3,65.5308776995392
"20491",3,48.4958143559436
"20492",3,66.0579093273264
"20493",3,71.2221856845788
"20494",3,65.4565146083982
"20495",3,60.6141285336235
"20496",3,53.7543958735832
"20497",3,22.2074222540931
"20498",3,40.5047574337322
"20499",3,32.6944009022376
"20500",3,74.1986087157769
"20501",3,47.5183978272075
"20502",3,38.6227004789675
"20503",3,35.5721969332648
"20504",3,36.7951401791719
"20505",3,56.5730150620755
"20506",3,33.4126281017071
"20507",3,69.0171502679856
"20508",3,26.521079888026
"20509",3,43.3069057659873
"20510",3,18.824281631389
"20511",3,46.8779144762842
"20512",3,25.9315236469441
"20513",3,33.8043729094236
"20514",3,21.5336390547395
"20515",3,51.9258683880918
"20516",3,37.9772500484349
"20517",3,45.5589304765164
"20518",3,32.6334674107626
"20519",3,28.7734472133542
"20520",3,25.7165447785678
"20521",3,32.9706317923824
"20522",3,38.9279491839604
"20523",3,17.5893196320061
"20524",3,29.5788855997786
"20525",3,25.3846965958992
"20526",3,36.7489833753711
"20527",3,22.807106784518
"20528",3,38.8737234589477
"20529",3,69.2748994669884
"20530",3,38.1485748054242
"20531",3,50.1178117319815
"20532",3,42.1033272901601
"20533",3,40.15769402188
"20534",3,23.4039885540162
"20535",3,62.5127731763795
"20536",3,73.8801731755404
"20537",3,57.0733634439578
"20538",3,34.9870155613985
"20539",3,45.2464083975674
"20540",3,26.0836384947946
"20541",3,46.11800545657
"20542",3,35.616604848327
"20543",3,28.5358498536443
"20544",3,39.8156025335586
"20545",3,52.7314480639344
"20546",3,62.6020674708867
"20547",3,40.3776871995534
"20548",3,64.3890459102105
"20549",3,59.7513795815256
"20550",3,36.8598584654738
"20551",3,26.9600271960839
"20552",3,28.2308637406194
"20553",3,59.854071164441
"20554",3,51.6456706421386
"20555",3,34.0173545995635
"20556",3,23.284420099099
"20557",3,32.2327940939009
"20558",3,47.9536931181971
"20559",3,44.6258720206267
"20560",3,31.458419581433
"20561",3,49.0651760949647
"20562",3,30.6741683153358
"20563",3,49.9218110500596
"20564",3,31.9048466452839
"20565",3,40.4943925639754
"20566",3,68.2889727952922
"20567",3,37.8116766539006
"20568",3,34.6341908393263
"20569",3,61.3985856344614
"20570",3,28.0882423832801
"20571",3,44.3796601831404
"20572",3,82.8996379765469
"20573",3,55.1559296842262
"20574",3,33.4263256912069
"20575",3,51.624879262368
"20576",3,60.8326032492914
"20577",3,39.3212746024932
"20578",3,46.3032719606414
"20579",3,29.1693826159104
"20580",3,58.5607711821499
"20581",3,61.5275789564717
"20582",3,26.0731976089294
"20583",3,28.0633016656318
"20584",3,38.1626753013007
"20585",3,30.8048433863089
"20586",3,34.1476073566176
"20587",3,27.2668723561628
"20588",3,32.0253750943022
"20589",3,68.491009182844
"20590",3,21.0705937435788
"20591",3,18.8305151821135
"20592",3,47.5335934206713
"20593",3,50.9166359891918
"20594",3,27.829487960929
"20595",3,62.5935783121783
"20596",3,38.213513738292
"20597",3,22.5229851259894
"20598",3,33.7806868654049
"20599",3,24.9567745341433
"20600",3,23.5390186230521
"20601",3,44.9198391362888
"20602",3,53.8585025592082
"20603",3,26.954658985204
"20604",3,42.8702855056189
"20605",3,40.8831919998714
"20606",3,65.5149176264616
"20607",3,30.1384269565802
"20608",3,29.4367845175123
"20609",3,26.7699690556761
"20610",3,50.7511124562726
"20611",3,49.1034286075127
"20612",3,34.394940569743
"20613",3,34.4597874708075
"20614",3,29.1339790954434
"20615",3,46.3548807163141
"20616",3,67.7364412156024
"20617",3,36.7967279181894
"20618",3,56.9498947589649
"20619",3,37.5238977699563
"20620",3,49.6271031270212
"20621",3,70.0353579411511
"20622",3,36.6901899047885
"20623",3,60.2110557842402
"20624",3,27.6813406398412
"20625",3,51.729848134786
"20626",3,34.4707160522764
"20627",3,39.9157598722136
"20628",3,42.2699240797928
"20629",3,46.1469307689414
"20630",3,56.1693440588757
"20631",3,34.0579037780636
"20632",3,49.6749446505503
"20633",3,62.615802368723
"20634",3,43.5763383540988
"20635",3,22.6004162447808
"20806",3,47.3448648133975
"20807",3,49.8762350909105
"20808",3,58.5776811253659
"20809",3,49.7663147217727
"20810",3,62.2177303402788
"20811",3,41.4797975906487
"20812",3,28.511549464747
"20813",3,46.020893152586
"20814",3,69.4337553335743
"20815",3,48.4223764457716
"20816",3,40.741992635403
"20817",3,52.2761288985586
"20818",3,33.3351073217066
"20819",3,27.4690272942063
"20820",3,53.8083909588191
"20821",3,48.1555040766305
"20822",3,37.9442684438005
"20823",3,34.8314125175266
"20824",3,51.0425270456444
"20825",3,39.1310322938866
"20826",3,28.6638528782639
"20827",3,26.615937468623
"20828",3,52.1097721053453
"20829",3,26.6328650501024
"20830",3,40.5467348064683
"20831",3,60.9679493197473
"20832",3,29.5860167873059
"20833",3,72.0298462964692
"20834",3,45.822627540058
"20835",3,40.3883491245816
"20836",3,45.5294475192268
"20837",3,41.156917996846
"20838",3,51.8978021492719
"20839",3,41.57501653853
"20840",3,60.8677735938222
"20841",3,42.537547181345
"20842",3,31.6314560950384
"20843",3,48.493033378701
"20844",3,64.0568897604092
"20845",3,51.0895820949227
"20846",3,62.2539322635529
"20847",3,32.8080970587784
"20848",3,44.0870220866598
"20849",3,50.4172006352173
"20850",3,54.8251342439579
"20851",3,52.3101069666674
"20852",3,45.9410365775515
"20853",3,34.3636674117832
"20854",3,41.4225667495198
"20855",3,44.7630952815873
"20856",3,54.5758514532735
"20857",3,21.2897786886167
"20858",3,29.1035135248799
"20859",3,53.5781661646782
"20860",3,35.2945605330208
"20861",3,29.821801435319
"20862",3,28.9918593782066
"20863",3,30.288941614497
"20864",3,30.6851966274541
"20865",3,26.6515361440915
"20866",3,43.2728646382731
"20867",3,36.5368124511109
"20868",3,28.9973173810775
"20869",3,37.6511368228133
"20870",3,46.5364076071472
"20871",3,28.514633244176
"20872",3,33.561708282614
"20873",3,35.8780994474843
"20874",3,33.154110665136
"20875",3,28.1708336481716
"20876",3,49.3560127447867
"20877",3,57.9957519797246
"20878",3,28.2141624251079
"20879",3,35.3283520043281
"20880",3,35.3391173455261
"20881",3,48.9115335747294
"20882",3,39.6714107133927
"20883",3,38.662925979436
"20884",3,20.0678482404203
"20885",3,35.5065247285786
"20886",3,27.2312635025774
"20887",3,46.5692815188247
"20888",3,42.0254391375567
"20889",3,35.0289378771754
"20890",3,54.3220081754288
"20976",3,47.4483769030588
"20977",3,39.262766404215
"20978",3,36.285299668099
"20979",3,40.4591623282506
"20980",3,93.1639294267987
"20981",3,20.8203879246322
"20982",3,43.3243201137866
"20983",3,38.0362929379036
"20984",3,34.312168612256
"20985",3,41.7408759274586
"20986",3,33.5085285840801
"20987",3,24.6279592708175
"20988",3,25.9272589091888
"20989",3,43.1264260006247
"20990",3,67.9378904070833
"20991",3,38.43457578557
"20992",3,53.4371688279855
"20993",3,48.420127575404
"20994",3,38.5947362032136
"20995",3,69.7636306699219
"20996",3,59.5347131116788
"20997",3,37.9263895861571
"20998",3,56.7060580800362
"20999",3,45.4065718592861
"21000",3,29.3004374540611
"21001",3,30.3850960274447
"21002",3,62.169518697426
"21003",3,30.5393071554604
"21004",3,37.3145504224942
"21005",3,34.7172469763251
"21006",3,38.9771308116419
"21007",3,40.1370615945103
"21008",3,38.5423035055109
"21009",3,43.314584343992
"21010",3,31.8780211006584
"21011",3,47.1078407541997
"21012",3,42.7469961283044
"21013",3,43.5743864945065
"21014",3,37.9228584606315
"21015",3,51.7177633576698
"21016",3,25.5675013442143
"21017",3,42.6092646814922
"21018",3,54.4810049912818
"21019",3,55.3861400808044
"21020",3,49.6199580774446
"21021",3,44.451530776476
"21022",3,31.4222718331994
"21023",3,27.8467871030107
"21024",3,47.0251432727224
"21025",3,61.889308144727
"21026",3,61.6950607169873
"21027",3,27.5839728412262
"21028",3,40.8179900845157
"21029",3,25.7319157142816
"21030",3,39.0526889543346
"21031",3,44.5172100935567
"21032",3,52.6279570505834
"21033",3,38.970663795508
"21034",3,38.2576627492934
"21035",3,51.6612601846322
"21036",3,24.2918197275673
"21037",3,35.3735528205171
"21038",3,27.730127377546
"21039",3,85.7877727965571
"21040",3,42.9418839167643
"21041",3,31.2986830289029
"21042",3,67.9958682576824
"21043",3,58.3740132433846
"21044",3,49.6158166355626
"21045",3,54.4500706482809
"21046",3,48.9424912649621
"21047",3,74.2743339739588
"21048",3,44.5289217404389
"21049",3,98.6495793119559
"21050",3,54.2041225974812
"21051",3,44.071505366201
"21052",3,41.0288449707229
"21053",3,49.6120958357148
"21054",3,17.6446955137128
"21055",3,50.1551795899011
"21056",3,24.5958178384176
"21057",3,30.8614658968124
"21058",3,32.8078471883473
"21059",3,71.6741483226982
"21060",3,24.8883574886762
"21061",3,78.3988436290589
"21062",3,36.1510206802379
"21063",3,65.2318030551021
"21064",3,47.6169113765163
"21065",3,33.439392038755
"21066",3,57.6398830263444
"21067",3,72.1142134334145
"21068",3,43.7928199751051
"21069",3,41.0426541487786
"21070",3,58.0649378472551
"21071",3,38.3226594129448
"21072",3,31.2782231279107
"21073",3,49.1751531778809
"21074",3,41.7263532662423
"21075",3,39.3610499173254
"21076",3,53.4934839066519
"21077",3,55.883435675347
"21078",3,18.4021325133453
"21079",3,53.140098886314
"21080",3,62.1579603003394
"21081",3,37.650572202984
"21082",3,50.6914969074569
"21083",3,48.7670385709593
"21084",3,44.1902321389622
"21085",3,44.3706746640878
"21086",3,51.290296346562
"21087",3,64.954337986849
"21088",3,54.1979377164356
"21089",3,47.4377876710509
"21090",3,64.5037846917461
"21091",3,49.0517131514451
"21092",3,43.7046881416993
"21093",3,51.145953112808
"21094",3,35.0100691937268
"21095",3,51.6735365469907
"21096",3,58.3408700886714
"21097",3,42.0951008984001
"21098",3,48.1373831625398
"21099",3,33.1411067790278
"21100",3,34.755762273445
"21101",3,33.2103912814629
"21102",3,31.1667399767202
"21103",3,39.7694059751177
"21104",3,32.9947020630781
"21105",3,43.8988145181817
"21106",3,39.9455873372829
"21107",3,38.310410002567
"21108",3,51.1258357411807
"21109",3,69.3995414426424
"21110",3,23.0546281401523
"21111",3,31.5913193596282
"21112",3,34.9063190709694
"21113",3,27.0669579328317
"21114",3,57.1475630139253
"21115",3,58.1084193792505
"21116",3,51.9527021575014
"21117",3,37.0508355036208
"21118",3,52.0532007757423
"21119",3,33.9776612877136
"21120",3,47.4550054309673
"21121",3,43.938387903494
"21122",3,65.8631879361274
"21123",3,36.8847643265047
"21124",3,62.6024647388676
"21125",3,43.4364163179377
"21126",3,25.9605270498247
"21127",3,26.0566272691852
"21128",3,41.2613255157639
"21129",3,27.9984031153475
"21130",3,41.0950224104903
"21131",3,33.7781405385011
"21132",3,57.3038518572583
"21133",3,46.6650370198656
"21134",3,65.2655170599717
"21135",3,36.4318246801348
"21136",3,48.8675824866235
"21137",3,22.7034546601623
"21138",3,55.0359504882831
"21139",3,31.3661228447714
"21140",3,36.3467179280114
"21141",3,52.2073283866083
"21142",3,34.8100023756298
"21143",3,99.8328611725656
"21144",3,30.6152114291644
"21145",3,49.0801805162183
"21146",3,25.6049388054824
"21147",3,18.7179555544025
"21148",3,75.4329343383847
"21149",3,54.6000679635299
"21150",3,34.9406333841016
"21151",3,66.0920605285141
"21152",3,30.6197486007387
"21153",3,21.1276610613102
"21154",3,29.9721632707935
"21155",3,58.4545433161111
"21156",3,26.1068362265314
"21157",3,50.5468551160537
"21158",3,34.9854890767918
"21159",3,53.2159122345331
"21160",3,45.5878511401757
"21161",3,37.2475455249299
"21162",3,18.4648616028672
"21163",3,71.6662961647573
"21164",3,41.6584309912988
"21165",3,57.4023612938733
"21166",3,22.8905654566235
"21167",3,44.411329038717
"21168",3,46.5350349972685
"21169",3,63.0349017787039
"21170",3,15.0974350910889
"21171",3,52.1541103418495
"21172",3,41.2055115144043
"21173",3,19.096871297218
"21174",3,34.5065503615405
"21175",3,38.5699375649263
"21176",3,49.526593108164
"21177",3,35.1860122135863
"21178",3,57.0069137525655
"21179",3,28.2870561393797
"21180",3,81.0377406593359
"21181",3,47.3539302900036
"21182",3,48.1467822176198
"21183",3,61.326012993992
"21184",3,29.705133530837
"21185",3,55.4837613546792
"21186",3,30.5335249344749
"21187",3,57.5281269871367
"21188",3,42.810082298796
"21189",3,40.6961745957387
"21190",3,38.8524210160866
"21191",3,46.6687612882115
"21192",3,43.0599355925128
"21193",3,57.592746459133
"21194",3,65.5245508353521
"21195",3,35.9881850766907
"21196",3,39.9978032620844
"21197",3,43.9366248420552
"21198",3,44.4983402827517
"21199",3,49.751538320235
"21200",3,26.8652343963835
"21201",3,27.975808700716
"21202",3,66.6949079599378
"21203",3,35.4349794861387
"21204",3,30.1988699390924
"21205",3,56.0866790967738
"21206",3,45.2049790759646
"21207",3,27.3205434082234
"21208",3,25.0915701076088
"21209",3,22.5287581660608
"21210",3,54.2148509504898
"21211",3,39.8754537692362
"21212",3,41.9626363525749
"21213",3,43.6181325802499
"21214",3,23.3098393424382
"21215",3,43.749371456127
"21216",3,47.2961692053309
"21217",3,41.279720089084
"21218",3,54.3938587896912
"21219",3,31.4237764262616
"21220",3,30.7665910401304
"21221",3,39.8202529703019
"21222",3,44.9751837044694
"21223",3,19.9020046167852
"21224",3,43.1913857561322
"21225",3,61.7454424204411
"21226",3,28.7064113819912
"21227",3,39.4670980644068
"21228",3,37.6477894602056
"21229",3,31.3630141469365
"21230",3,47.6071873082605
"21741",3,70.7471784679595
"21742",3,60.637053621372
"21743",3,73.2658493403134
"21744",3,55.2072175564594
"21745",3,43.1720607496015
"21746",3,44.6329319961835
"21747",3,38.0990004806752
"21748",3,37.7191966217638
"21749",3,49.9081942479545
"21750",3,34.1453659962141
"21751",3,43.9202339867156
"21752",3,82.5833882882207
"21753",3,28.4321556672257
"21754",3,49.5236005693213
"21755",3,41.3423468861429
"21756",3,60.4124786936359
"21757",3,35.2809425867001
"21758",3,29.8393023806464
"21759",3,33.2964701894439
"21760",3,52.9801855365394
"21761",3,70.4483296616225
"21762",3,36.4900751130883
"21763",3,36.8345536167532
"21764",3,40.774676751445
"21765",3,40.0512431760207
"21766",3,27.3414103704015
"21767",3,47.4758250926086
"21768",3,39.1448855533796
"21769",3,26.1595779504737
"21770",3,58.5947117717204
"21771",3,43.74220255941
"21772",3,38.6644424546276
"21773",3,66.5133089581057
"21774",3,47.768963480548
"21775",3,27.6510724802583
"21776",3,54.695604596992
"21777",3,49.5413325647013
"21778",3,57.9506020466706
"21779",3,20.2100858566782
"21780",3,32.4733014133376
"21781",3,31.2037552607767
"21782",3,44.5361542125369
"21783",3,45.9707253111011
"21784",3,32.557918328371
"21785",3,39.8021984851311
"21786",3,47.9203653631895
"21787",3,43.0127915809225
"21788",3,50.2034981730459
"21789",3,54.3698292901803
"21790",3,41.9879705001602
"21791",3,41.0767143150427
"21792",3,37.7120559871906
"21793",3,35.8588667150084
"21794",3,53.7580737531894
"21795",3,42.2072670348606
"21796",3,39.8323961996415
"21797",3,37.5567718735972
"21798",3,75.7392327152113
"21799",3,23.936044114362
"21800",3,38.8473056061365
"21801",3,32.9370811180159
"21802",3,51.6685355297915
"21803",3,41.2609687594988
"21804",3,29.9014043987491
"21805",3,50.014474548723
"21806",3,34.3012471422124
"21807",3,42.8465570673728
"21808",3,67.2456399138664
"21809",3,33.0013035578154
"21810",3,31.7360518060616
"21811",3,39.7347488848329
"21812",3,64.78794679677
"21813",3,44.8505672300114
"21814",3,23.1477607177385
"21815",3,29.0840423895132
"21816",3,72.835103959426
"21817",3,28.8944110506312
"21818",3,24.0255492014786
"21819",3,27.4297054363574
"21820",3,35.344689093614
"21821",3,41.5667978842887
"21822",3,40.1110334641227
"21823",3,42.0008600175068
"21824",3,52.5788272607797
"21825",3,37.2245969915354
"21826",3,45.7756827600123
"21827",3,56.0277178100063
"21828",3,33.9089151559464
"21829",3,38.5581652062252
"21830",3,57.6811574482703
"21831",3,22.7874503194256
"21832",3,45.8552484393249
"21833",3,54.2717237854315
"21834",3,57.3855710796667
"21835",3,42.1833228401568
"21836",3,36.4647947821848
"21837",3,44.4315711763067
"21838",3,40.2657284926335
"21839",3,38.7830108799159
"21840",3,72.6203490239586
"21841",3,38.518868229668
"21842",3,26.460170615998
"21843",3,23.8361380422311
"21844",3,28.9240431575809
"21845",3,23.776980835592
"21846",3,37.6071030257769
"21847",3,38.6524355300294
"21848",3,62.4037684257002
"21849",3,41.3529583974231
"21850",3,45.1216291514085
"21851",3,46.8346180335092
"21852",3,60.4010611220551
"21853",3,50.489998315065
"21854",3,60.7621191251639
"21855",3,32.2568589801815
"21856",3,90.1074422635131
"21857",3,48.8823112801469
"21858",3,49.4552375824796
"21859",3,41.9401132758673
"21860",3,41.852090223562
"21861",3,32.0597881231799
"21862",3,60.6375343599192
"21863",3,28.2986146834264
"21864",3,24.9174514816659
"21865",3,58.4929641676582
"21866",3,68.7552587613911
"21867",3,50.2097709187054
"21868",3,70.599126903398
"21869",3,44.0826364469481
"21870",3,43.0159172383299
"21871",3,34.3211420993556
"21872",3,34.4857271993774
"21873",3,31.0474046052497
"21874",3,91.1476390239849
"21875",3,52.6917668353436
"21876",3,38.0439104391483
"21877",3,40.8996144909657
"21878",3,52.6157552473882
"21879",3,50.8185098965706
"21880",3,54.5516795892095
"21881",3,22.586392430183
"21882",3,27.8799212652857
"21883",3,57.1802603439068
"21884",3,28.8281723098798
"21885",3,24.3097389924355
"21886",3,60.1623949655065
"21887",3,53.699294481727
"21888",3,39.7612244906547
"21889",3,38.2592634745045
"21890",3,23.3149372240738
"21891",3,45.8942210562943
"21892",3,45.0904405736886
"21893",3,40.5591215269185
"21894",3,44.3370108197631
"21895",3,41.9616127974678
"21896",3,67.4853983303487
"21897",3,32.3516971789646
"21898",3,34.0598461682941
"21899",3,33.5718887046173
"21900",3,37.8851112514496
"21901",3,37.4330020423175
"21902",3,68.4024343429778
"21903",3,25.076048478706
"21904",3,36.691183378853
"21905",3,17.3630112169618
"21906",3,58.7598885762828
"21907",3,44.0586819680576
"21908",3,35.113330336618
"21909",3,47.6144396287938
"21910",3,34.3550422319921
"22081",3,31.5333181514686
"22082",3,31.2035093971331
"22083",3,60.019582447749
"22084",3,47.0965477124606
"22085",3,27.3227117381178
"22086",3,57.3820266095423
"22087",3,44.6840019126554
"22088",3,48.2012601162055
"22089",3,45.1077202024855
"22090",3,53.1983763243617
"22091",3,38.4371633088376
"22092",3,39.6228995992734
"22093",3,56.1168862710178
"22094",3,67.0362248956535
"22095",3,42.4501312715005
"22096",3,40.3640183589108
"22097",3,51.8348851459287
"22098",3,62.9394196099897
"22099",3,62.0448698823985
"22100",3,41.8259954534487
"22101",3,25.6825142897917
"22102",3,97.7249133345756
"22103",3,51.5479595127586
"22104",3,45.8267934007964
"22105",3,54.6473011342541
"22106",3,52.6975284540282
"22107",3,69.8581667047133
"22108",3,30.504504529532
"22109",3,37.3260147318012
"22110",3,30.0100172310342
"22111",3,18.1204268594451
"22112",3,38.8092012984519
"22113",3,36.799863568436
"22114",3,66.0208224001595
"22115",3,63.4751681467736
"22116",3,42.4593000646037
"22117",3,39.7574676186808
"22118",3,71.236022841802
"22119",3,54.5161855903282
"22120",3,65.5759760421731
"22121",3,43.3872012614771
"22122",3,39.6911837910509
"22123",3,40.1008682282523
"22124",3,53.8934263611776
"22125",3,72.3052013444361
"22126",3,45.1371245733125
"22127",3,28.6794944629462
"22128",3,67.5552446184168
"22129",3,39.4377319950556
"22130",3,34.7649742959583
"22131",3,25.0689076241479
"22132",3,50.2869832701141
"22133",3,27.9488686056526
"22134",3,48.069154830901
"22135",3,36.2038337362419
"22136",3,38.3705076047796
"22137",3,34.7337179356819
"22138",3,44.5037754954623
"22139",3,45.5266810887623
"22140",3,59.3348514365101
"22141",3,62.1304275257059
"22142",3,20.4846413382788
"22143",3,42.6560259344999
"22144",3,55.5906010851799
"22145",3,32.5564029597635
"22146",3,33.6640340303899
"22147",3,31.4330127789829
"22148",3,44.887091547262
"22149",3,29.8285484584818
"22150",3,24.7076037252165
"22151",3,54.4066843731961
"22152",3,33.19586256228
"22153",3,20.4407029983347
"22154",3,42.7658976113987
"22155",3,27.113408147817
"22156",3,45.6259168273022
"22157",3,62.8412649325493
"22158",3,30.0906217679556
"22159",3,50.6996815277074
"22160",3,68.5888164210969
"22161",3,65.7362829224989
"22162",3,63.1763913693701
"22163",3,46.0319198802016
"22164",3,34.0439799047612
"22165",3,36.2919618260674
"22251",3,38.1122756410463
"22252",3,43.8086261751026
"22253",3,61.4524401189947
"22254",3,59.2109353093679
"22255",3,23.910875949335
"22256",3,43.5816894355902
"22257",3,52.5267474933116
"22258",3,46.8562007072252
"22259",3,54.5466811573798
"22260",3,24.6527160316795
"22261",3,64.5187772205269
"22262",3,50.8146420844617
"22263",3,58.6473467271929
"22264",3,55.8436487142364
"22265",3,40.2017351855078
"22266",3,16.1211472226768
"22267",3,41.1914296524117
"22268",3,24.5915715528395
"22269",3,39.9364304513862
"22270",3,60.2897889516668
"22271",3,44.303636550051
"22272",3,40.4833292702075
"22273",3,50.0535458395512
"22274",3,41.1630188400307
"22275",3,37.4314089011369
"22276",3,25.5144393126597
"22277",3,43.1705552406255
"22278",3,27.4114737265911
"22279",3,41.9026456082739
"22280",3,63.5677051900333
"22281",3,25.264810380237
"22282",3,24.4536803402525
"22283",3,58.0089690643154
"22284",3,43.642009814945
"22285",3,57.2182830252864
"22286",3,31.2623704618735
"22287",3,37.3708172280071
"22288",3,37.7994486159468
"22289",3,34.5781078461311
"22290",3,79.0701394895061
"22291",3,36.5650578177897
"22292",3,32.9414719627454
"22293",3,84.7668118306791
"22294",3,37.1707877786001
"22295",3,24.3740126401101
"22296",3,40.8099756277189
"22297",3,35.3368748628311
"22298",3,29.2839414650507
"22299",3,56.9727643780903
"22300",3,34.3996778577539
"22301",3,27.1826034120103
"22302",3,36.0447742188612
"22303",3,58.9587053841173
"22304",3,50.3028716156031
"22305",3,36.2497268549652
"22306",3,50.1826134473059
"22307",3,45.2604410255628
"22308",3,28.3425982529634
"22309",3,56.7005581866931
"22310",3,43.3024056401498
"22311",3,32.711807809564
"22312",3,21.9231685537766
"22313",3,28.7555719112504
"22314",3,33.2717851693532
"22315",3,65.4253659231651
"22316",3,37.7319832849885
"22317",3,58.6129407071172
"22318",3,53.7312171687539
"22319",3,32.4527894853183
"22320",3,44.4722292751938
"22321",3,45.2777217051638
"22322",3,45.0782524064037
"22323",3,39.3536697281252
"22324",3,48.5390032250395
"22325",3,32.6882474166948
"22326",3,46.3149084528438
"22327",3,34.3347771887185
"22328",3,47.9135377278196
"22329",3,37.0984556645201
"22330",3,81.7028239224434
"22331",3,42.7191118338652
"22332",3,36.5948693424324
"22333",3,53.5428700855993
"22334",3,43.9724847765446
"22335",3,80.2041018660517
"22421",3,32.0955872757735
"22422",3,22.2044430804707
"22423",3,25.2641466415246
"22424",3,22.286186694309
"22425",3,34.4562907352707
"22426",3,38.9088503420309
"22427",3,71.6093524699183
"22428",3,37.139051122045
"22429",3,35.0579487191157
"22430",3,51.9890798432667
"22431",3,39.8542471783264
"22432",3,33.5470140607743
"22433",3,36.9835785022384
"22434",3,47.153719268263
"22435",3,29.7405868496283
"22436",3,42.1406761190599
"22437",3,24.1649936110978
"22438",3,42.5732345430025
"22439",3,55.9746430977199
"22440",3,55.3691697243221
"22441",3,47.4975725481206
"22442",3,30.1258548427268
"22443",3,51.8960976966445
"22444",3,89.9915493082062
"22445",3,25.9817602460252
"22446",3,76.6698854119372
"22447",3,33.3596148647976
"22448",3,51.8344551640184
"22449",3,35.0374734559559
"22450",3,35.6926085472539
"22451",3,51.1573347877657
"22452",3,24.0564985222396
"22453",3,43.0945808375279
"22454",3,37.5624500228867
"22455",3,23.6992013730835
"22456",3,51.7644007183574
"22457",3,40.0854038090201
"22458",3,41.8405540865194
"22459",3,33.8361372066436
"22460",3,43.2282604262542
"22461",3,63.6454346088108
"22462",3,41.4492806809789
"22463",3,40.239062038152
"22464",3,46.3479179038716
"22465",3,38.9778321075256
"22466",3,42.7805844601453
"22467",3,52.7431644826314
"22468",3,75.1701412192598
"22469",3,37.8026140088174
"22470",3,41.1423476944196
"22471",3,70.1942859077957
"22472",3,40.7339251674417
"22473",3,60.0007888322323
"22474",3,40.1535695864518
"22475",3,62.8401336604279
"22476",3,24.3432440503801
"22477",3,39.513731731185
"22478",3,27.3471214278709
"22479",3,42.2177326862615
"22480",3,39.3678493621474
"22481",3,29.679904683915
"22482",3,52.1363354958836
"22483",3,49.9559359892079
"22484",3,48.9282175308845
"22485",3,32.5932833473469
"22486",3,40.0655576683034
"22487",3,35.4529299211878
"22488",3,47.1195306221605
"22489",3,24.6534918779189
"22490",3,41.2574818464134
"22491",3,63.6458051635702
"22492",3,39.6871223559303
"22493",3,54.1765955629545
"22494",3,33.4867814474666
"22495",3,45.9367349055995
"22496",3,24.0277824070416
"22497",3,38.3571942359539
"22498",3,42.1404705327993
"22499",3,56.7188320504749
"22500",3,46.4333546734825
"22501",3,49.5040250594432
"22502",3,46.643753424623
"22503",3,55.1378812601475
"22504",3,67.0451418471802
"22505",3,42.0103092805644
"22506",3,50.2931176418883
"22507",3,46.6987572919351
"22508",3,36.586651996328
"22509",3,41.1811128722209
"22510",3,28.5643230798626
"22511",3,83.8169454758685
"22512",3,42.2741845918616
"22513",3,31.2383316773056
"22514",3,52.6313484009762
"22515",3,30.5266975753491
"22516",3,49.316753087734
"22517",3,52.3319557255731
"22518",3,46.224260379107
"22519",3,36.3224836957708
"22520",3,23.6892702403071
"22521",3,38.7705402645854
"22522",3,60.6971774975076
"22523",3,62.8369916499086
"22524",3,56.5625511284081
"22525",3,54.1145008041602
"22526",3,44.2184802011842
"22527",3,66.9853719116582
"22528",3,31.3769617298628
"22529",3,57.5063920269912
"22530",3,27.1379530276571
"22531",3,84.0274685255867
"22532",3,34.9035830161408
"22533",3,33.3447528917113
"22534",3,52.4862624783238
"22535",3,68.0656307914939
"22536",3,27.9518991490994
"22537",3,55.5868303697107
"22538",3,56.1853432203111
"22539",3,38.9706659184252
"22540",3,44.6665563682154
"22541",3,54.5876790330927
"22542",3,28.6993938757575
"22543",3,21.4128359769877
"22544",3,44.6134131465556
"22545",3,40.7614159419075
"22546",3,49.3148334059947
"22547",3,27.7636584879045
"22548",3,21.2789426538983
"22549",3,38.2398412140925
"22550",3,41.0688677844199
"22551",3,49.2359058001513
"22552",3,31.0353483788387
"22553",3,35.439067406578
"22554",3,36.4571906625549
"22555",3,76.0955518326566
"22556",3,56.8075234229472
"22557",3,62.3131731893386
"22558",3,33.5484363082997
"22559",3,52.706113725696
"22560",3,29.3528194969796
"22561",3,46.1842635661044
"22562",3,46.8859992379568
"22563",3,63.817653050135
"22564",3,70.0929906267521
"22565",3,39.1709197423849
"22566",3,63.4474302167002
"22567",3,50.4438398211842
"22568",3,55.3937000944989
"22569",3,34.3014056942411
"22570",3,51.4068948546179
"22571",3,26.2393915767465
"22572",3,25.1822719625046
"22573",3,60.5075103709727
"22574",3,50.4640874151715
"22575",3,43.2742953623039
"22576",3,54.4820257058872
"22577",3,48.276790560954
"22578",3,42.0664270239797
"22579",3,63.7412567564943
"22580",3,45.9511905312226
"22581",3,58.7692550141128
"22582",3,61.0690418157177
"22583",3,29.7492531200151
"22584",3,48.5124938539623
"22585",3,49.4396451210422
"22586",3,44.7064359967077
"22587",3,24.6480698960566
"22588",3,27.5008787670634
"22589",3,70.9788603012198
"22590",3,56.5266542539793
"22761",3,31.7559427044908
"22762",3,35.60268287774
"22763",3,44.4798939514965
"22764",3,46.102443523148
"22765",3,84.0949108589537
"22766",3,51.3487974768557
"22767",3,43.008674504783
"22768",3,35.0985185939614
"22769",3,38.079588681055
"22770",3,23.7556725704739
"22771",3,46.5526015604313
"22772",3,52.4266302730285
"22773",3,55.980586433672
"22774",3,35.9728182220302
"22775",3,40.2788924247429
"22776",3,31.3752869916934
"22777",3,54.4263517665607
"22778",3,27.5357850268048
"22779",3,44.0060635878895
"22780",3,32.0127323110583
"22781",3,36.4652721254046
"22782",3,52.122367605918
"22783",3,34.6064770856217
"22784",3,34.2562902306985
"22785",3,36.2180711052683
"22786",3,41.5434978029693
"22787",3,50.9296847583637
"22788",3,52.6787962999073
"22789",3,58.3571469541369
"22790",3,45.926197310939
"22791",3,53.3331978768617
"22792",3,55.4921407207056
"22793",3,27.8023396011032
"22794",3,34.234667780533
"22795",3,28.8812416096988
"22796",3,40.5284334891956
"22797",3,41.0775063420207
"22798",3,36.1827250252934
"22799",3,29.5846942848298
"22800",3,25.0014740328269
"22801",3,28.7961784966135
"22802",3,42.613344080298
"22803",3,65.8537857114072
"22804",3,54.5842318928188
"22805",3,60.3247675567848
"22806",3,24.2006164514811
"22807",3,39.9870315333477
"22808",3,48.7115109896249
"22809",3,46.9509992158516
"22810",3,33.5484589325959
"22811",3,28.167350581561
"22812",3,55.1558764129579
"22813",3,57.7458189472773
"22814",3,20.4647651950575
"22815",3,43.7271186139306
"22816",3,29.1643670048758
"22817",3,62.1401331133049
"22818",3,52.1200083845048
"22819",3,35.3066411721024
"22820",3,59.5115551187875
"22821",3,64.8150491290159
"22822",3,42.2219546544774
"22823",3,60.6172407947842
"22824",3,41.5833185103838
"22825",3,48.4245035996842
"22826",3,30.7800473703453
"22827",3,37.3865953958955
"22828",3,39.7663122852152
"22829",3,38.3637682399341
"22830",3,63.8017556397032
"22831",3,36.1844021227704
"22832",3,54.2099511607637
"22833",3,53.4300454859398
"22834",3,31.084151433471
"22835",3,36.9922695855581
"22836",3,35.7391967106572
"22837",3,54.6182274916847
"22838",3,37.2138833767533
"22839",3,33.541627267756
"22840",3,38.0602555478364
"22841",3,68.4144482912187
"22842",3,37.0120314856656
"22843",3,56.1004068975412
"22844",3,36.0287757597638
"22845",3,40.1628387728868
"22846",3,27.5053264241692
"22847",3,68.2086200540814
"22848",3,28.0693204868465
"22849",3,62.1274129797412
"22850",3,41.7785371951867
"22851",3,39.1560120744334
"22852",3,41.1142586082262
"22853",3,44.4876594594036
"22854",3,36.4919341469183
"22855",3,42.6423924903599
"22856",3,55.1720282543582
"22857",3,34.2639087749145
"22858",3,55.6147686371927
"22859",3,78.8523243008269
"22860",3,30.8764520303653
"22861",3,50.6802611901741
"22862",3,27.9991710168785
"22863",3,41.5971481610177
"22864",3,49.3928902375518
"22865",3,31.7062082249046
"22866",3,22.5859231281327
"22867",3,36.6213407016729
"22868",3,23.0314818660201
"22869",3,23.9222066951224
"22870",3,39.8984711785051
"22871",3,30.0396598599806
"22872",3,35.320575391518
"22873",3,47.5725220353636
"22874",3,53.2511352392333
"22875",3,53.1145625648909
"22876",3,33.1624144166772
"22877",3,68.0132070301895
"22878",3,53.8099348247777
"22879",3,38.0654267852764
"22880",3,45.3182700575296
"22881",3,48.4526257676071
"22882",3,53.6417054681837
"22883",3,55.7449837058731
"22884",3,44.0220569066388
"22885",3,40.0282409351479
"22886",3,44.4713765696789
"22887",3,37.3315160980223
"22888",3,20.8556853821527
"22889",3,44.0829558057068
"22890",3,31.1137202481341
"22891",3,67.3475704860924
"22892",3,67.1094185463756
"22893",3,55.8535309157841
"22894",3,38.8833977243164
"22895",3,33.8952926390675
"22896",3,41.8658158340225
"22897",3,35.4007202041131
"22898",3,37.4350893398657
"22899",3,48.5780648487513
"22900",3,69.9385461124458
"22901",3,37.7655154575914
"22902",3,24.6665054080556
"22903",3,39.0074233131355
"22904",3,40.016451595498
"22905",3,33.6222285674705
"22906",3,61.6770995440911
"22907",3,50.1859579007206
"22908",3,24.8637659366572
"22909",3,61.141973008929
"22910",3,30.0111568693425
"22911",3,35.0941331479287
"22912",3,66.5098233829205
"22913",3,41.4340051365143
"22914",3,32.8662622641967
"22915",3,21.9348701117665
"22916",3,42.0581864706814
"22917",3,30.4158791233168
"22918",3,47.7978487631951
"22919",3,37.2944213227267
"22920",3,39.1428451431673
"22921",3,42.6039554024184
"22922",3,26.7943838399431
"22923",3,45.9567990889433
"22924",3,43.6632499957494
"22925",3,32.840283483077
"22926",3,41.7807210579147
"22927",3,46.7969807630585
"22928",3,38.1038609946954
"22929",3,24.4186706774432
"22930",3,67.1193506281813
"22931",3,32.9665346062534
"22932",3,58.4973527281106
"22933",3,72.5575161171679
"22934",3,32.3978473518105
"22935",3,47.9686400529641
"22936",3,61.0904792412372
"22937",3,64.0821851905967
"22938",3,36.8014060947513
"22939",3,55.6236794258939
"22940",3,30.0909605154837
"22941",3,21.6808221193943
"22942",3,36.671065369261
"22943",3,28.5400180412532
"22944",3,32.9365066515734
"22945",3,40.4407003482802
"22946",3,42.5495865685964
"22947",3,68.1838618023281
"22948",3,22.6033988162494
"22949",3,37.9782777962069
"22950",3,39.4295979038599
"22951",3,70.0494832039391
"22952",3,42.4139371380951
"22953",3,60.7078787059827
"22954",3,61.2195219349746
"22955",3,60.4157833752914
"22956",3,68.2985447658402
"22957",3,31.7194780567366
"22958",3,32.357481911799
"22959",3,40.6517098616322
"22960",3,26.6076423383428
"22961",3,43.9832829361457
"22962",3,43.8517221503101
"22963",3,67.8296018646473
"22964",3,24.9580666251741
"22965",3,68.1553146195472
"22966",3,47.3684405929585
"22967",3,59.0349128988988
"22968",3,67.4624933416519
"22969",3,54.0124232312513
"22970",3,44.3921966290032
"22971",3,45.6882733178359
"22972",3,36.0287601935582
"22973",3,42.1677543114582
"22974",3,57.3331941965631
"22975",3,46.1964521425582
"22976",3,42.9084881709134
"22977",3,31.2791476843211
"22978",3,45.0122668298925
"22979",3,23.2350707955585
"22980",3,28.6977107689149
"22981",3,36.9221440019338
"22982",3,36.0796888445153
"22983",3,28.7703471507426
"22984",3,70.5337635948723
"22985",3,61.8023982212884
"22986",3,31.0166343973217
"22987",3,47.9899178682785
"22988",3,74.4956194996435
"22989",3,45.064005519632
"22990",3,50.8301261628476
"22991",3,56.6912823635958
"22992",3,67.6310646402647
"22993",3,41.3324609663093
"22994",3,56.1242585381103
"22995",3,35.8344677328895
"22996",3,54.6789749264955
"22997",3,31.4283710574725
"22998",3,35.5178052042135
"22999",3,71.1641106597927
"23000",3,54.6689600269568
"23001",3,25.1783887789649
"23002",3,35.085765155444
"23003",3,40.1384380735906
"23004",3,33.7321575712798
"23005",3,35.6649823126412
"23006",3,32.750446782184
"23007",3,36.3309062109147
"23008",3,38.3658729118962
"23009",3,53.463115818924
"23010",3,34.8596605927451
"23011",3,21.0842621294998
"23012",3,47.28484929332
"23013",3,36.2163903897185
"23014",3,52.2279118003792
"23015",3,28.7272072382629
"23016",3,37.6798895817819
"23017",3,56.3803151404535
"23018",3,41.8439494184838
"23019",3,25.1591341794019
"23020",3,63.6393428087881
"23021",3,41.4472689383159
"23022",3,41.9448381652468
"23023",3,28.4149868577655
"23024",3,30.0072919609803
"23025",3,29.3640734362157
"23026",3,55.3287370975376
"23027",3,51.7558970433636
"23028",3,42.3421527400052
"23029",3,21.9448714706957
"23030",3,35.1339387052804
"23031",3,55.4405901863062
"23032",3,47.7580842693627
"23033",3,56.9092554526923
"23034",3,53.7098319583929
"23035",3,29.6842378620873
"23036",3,18.0601985478114
"23037",3,21.9099516248031
"23038",3,44.8874651551951
"23039",3,51.2995337131666
"23040",3,53.6716789933888
"23041",3,39.1616507151291
"23042",3,29.0357215597391
"23043",3,35.3994989374936
"23044",3,107.997485808603
"23045",3,21.5754624870643
"23046",3,47.5642118401687
"23047",3,43.8020176570651
"23048",3,42.3066609943267
"23049",3,57.0197814007945
"23050",3,49.2670379332509
"23051",3,38.9869508506811
"23052",3,42.3104956881948
"23053",3,54.4398598945642
"23054",3,25.3124415048154
"23055",3,47.1001182294798
"23056",3,23.4912481212677
"23057",3,53.1539980191689
"23058",3,35.3223611333217
"23059",3,51.9575695192765
"23060",3,41.0029767185968
"23061",3,59.5180979614637
"23062",3,82.7009219272198
"23063",3,26.0462770546254
"23064",3,40.3402490301101
"23065",3,95.401547444041
"23066",3,36.4968936793245
"23067",3,36.538773087993
"23068",3,38.6483392933556
"23069",3,65.0148239103872
"23070",3,29.5483598500841
"23071",3,32.9961618512108
"23072",3,33.2890817464296
"23073",3,48.8719299131913
"23074",3,28.4861110818268
"23075",3,58.8810549789729
"23076",3,34.976504035648
"23077",3,29.7210724898657
"23078",3,29.199820105072
"23079",3,29.3908364761449
"23080",3,19.455759791596
"23081",3,48.2397414445259
"23082",3,41.4392551243501
"23083",3,54.1310817222751
"23084",3,37.9656181100425
"23085",3,33.1385920955878
"23086",3,51.6670175422002
"23087",3,49.8422649734601
"23088",3,36.0638741905557
"23089",3,23.3651381288167
"23090",3,25.3789951448807
"23091",3,39.0235421539607
"23092",3,74.2000142750083
"23093",3,45.1298326884953
"23094",3,22.1426091640894
"23095",3,33.9216479321176
"23096",3,26.8536175999351
"23097",3,49.3670413671116
"23098",3,28.7022336281998
"23099",3,60.05747372878
"23100",3,47.1682355272312
"23186",3,42.6402655741945
"23187",3,70.9109517796486
"23188",3,39.6732262637835
"23189",3,30.4447337414775
"23190",3,57.0419704949429
"23191",3,68.5814439265742
"23192",3,73.8449113261166
"23193",3,55.0644304735685
"23194",3,30.0516324154291
"23195",3,31.0484730115462
"23196",3,28.5234083123561
"23197",3,51.3238116757015
"23198",3,40.0230118988163
"23199",3,69.8537355636384
"23200",3,29.8918027980996
"23201",3,49.8747078622137
"23202",3,55.223449450252
"23203",3,54.6906264259622
"23204",3,43.8150143281254
"23205",3,24.0901388337249
"23206",3,30.7942904597414
"23207",3,57.0447032814234
"23208",3,32.6785645216947
"23209",3,59.577973957554
"23210",3,27.1667379752749
"23211",3,38.1735692822407
"23212",3,54.0752762006586
"23213",3,49.8748260005151
"23214",3,45.9996601013223
"23215",3,36.5064276260423
"23216",3,35.4697636931707
"23217",3,46.5753788874384
"23218",3,33.1747878053214
"23219",3,48.4986285694305
"23220",3,28.4534581919987
"23221",3,54.8276705735982
"23222",3,51.0469205529554
"23223",3,47.7464152116195
"23224",3,35.410593265383
"23225",3,62.8082117962896
"23226",3,61.6115463540236
"23227",3,52.2003880509054
"23228",3,42.5593663525311
"23229",3,79.9079718798873
"23230",3,35.2966400238038
"23231",3,37.4238813782462
"23232",3,21.6359265440061
"23233",3,55.0230320421204
"23234",3,47.671494881571
"23235",3,37.9888580146274
"23236",3,47.803950008145
"23237",3,51.9321283592859
"23238",3,48.1544713269379
"23239",3,34.8572870156955
"23240",3,35.0707710004966
"23241",3,46.2984698040407
"23242",3,25.5731317097087
"23243",3,28.2928079198503
"23244",3,49.3488154660678
"23245",3,30.4252906001128
"23246",3,35.8213718369585
"23247",3,68.5470461027913
"23248",3,45.490156798857
"23249",3,49.7318691972791
"23250",3,73.0544350162828
"23251",3,44.8260654365324
"23252",3,33.3523425205712
"23253",3,53.748359607581
"23254",3,31.4234871954155
"23255",3,36.2343280490324
"23256",3,41.7574095765873
"23257",3,41.9683856988326
"23258",3,52.7740106112485
"23259",3,31.8501402955379
"23260",3,46.6685877446177
"23261",3,95.1292617361595
"23262",3,30.8164998452886
"23263",3,52.5552022825969
"23264",3,34.4071686439129
"23265",3,53.7817309487966
"23266",3,67.8858381236066
"23267",3,34.324107648642
"23268",3,29.0874391952393
"23269",3,35.8884311472191
"23270",3,42.6811634677602
"23271",3,52.9396550205647
"23272",3,33.2541243762874
"23273",3,41.3715145258703
"23274",3,55.6561177166696
"23275",3,33.0115889952435
"23276",3,34.1135577472008
"23277",3,43.0169243990355
"23278",3,27.5034666907758
"23279",3,52.0424577917641
"23280",3,45.6049645405718
"23281",3,38.9856355541496
"23282",3,55.6956739458126
"23283",3,66.7115587460313
"23284",3,25.1300382268014
"23285",3,40.4463329859534
"23286",3,38.9971290740822
"23287",3,55.026222870122
"23288",3,55.0796188888082
"23289",3,42.683715774153
"23290",3,34.7439193432752
"23291",3,31.4882511504972
"23292",3,74.687083308446
"23293",3,42.6347368023362
"23294",3,42.9267631158548
"23295",3,21.5131385548846
"23296",3,39.472286710731
"23297",3,64.6562002127145
"23298",3,40.0631236599279
"23299",3,34.7204756845819
"23300",3,39.6220663074831
"23301",3,51.635327441743
"23302",3,28.3227595481475
"23303",3,19.6546448910246
"23304",3,42.8351810867268
"23305",3,46.5701378366608
"23306",3,38.7165717111147
"23307",3,53.4030616125477
"23308",3,51.6328964803812
"23309",3,36.8056951522898
"23310",3,46.9463921496671
"23311",3,51.0358875811907
"23312",3,41.2604143865184
"23313",3,46.1529875698024
"23314",3,56.7294509536562
"23315",3,57.9309942314495
"23316",3,51.8908396771077
"23317",3,53.0704471027594
"23318",3,64.8050491196481
"23319",3,59.0201762320283
"23320",3,31.4471061489053
"23321",3,28.9384693907918
"23322",3,44.8172461566403
"23323",3,43.3162347229009
"23324",3,44.1987327497199
"23325",3,43.01991807657
"23326",3,27.8932198594229
"23327",3,74.8839502210278
"23328",3,66.366948456948
"23329",3,97.1878948834263
"23330",3,60.9158306891262
"23331",3,46.3741007042607
"23332",3,36.6565051016072
"23333",3,32.6932458730315
"23334",3,39.8186268897333
"23335",3,32.6383571226582
"23336",3,45.8932311817643
"23337",3,48.2206585966721
"23338",3,19.4990354848437
"23339",3,38.5333318621412
"23340",3,60.6419329259166
"23341",3,61.1303011443737
"23342",3,38.0672111707894
"23343",3,49.7078158710031
"23344",3,45.9037478527053
"23345",3,56.5243433592001
"23346",3,69.0447359404201
"23347",3,43.1618460920818
"23348",3,68.3757388603241
"23349",3,58.2062807037061
"23350",3,41.1118993486992
"23351",3,56.8181762414947
"23352",3,24.7831959638388
"23353",3,66.3072232980281
"23354",3,42.6250729949771
"23355",3,35.2911364759238
"23356",3,51.4564116624868
"23357",3,44.8140181015087
"23358",3,45.2156853815735
"23359",3,32.6394862125678
"23360",3,39.1166643965973
"23361",3,52.328330559298
"23362",3,62.6370011470032
"23363",3,26.6053325102716
"23364",3,51.0306200380574
"23365",3,24.7214545462405
"23366",3,50.3350322645905
"23367",3,55.6778227307254
"23368",3,42.6950887754752
"23369",3,42.8007929868751
"23370",3,43.8245724764745
"23371",3,38.4308184908843
"23372",3,59.5088309443495
"23373",3,28.9110556330842
"23374",3,49.9678593414876
"23375",3,42.2317039795525
"23376",3,28.7380412933948
"23377",3,73.7776944050775
"23378",3,32.5083813133019
"23379",3,27.5289163456873
"23380",3,33.8063889886343
"23381",3,45.549193250625
"23382",3,29.0920868778957
"23383",3,48.6334634765296
"23384",3,36.1514208435902
"23385",3,31.7568810139016
"23386",3,48.5262283874248
"23387",3,32.406593903051
"23388",3,34.6102694464384
"23389",3,31.8836395397817
"23390",3,45.208295897559
"23391",3,73.4351181934747
"23392",3,48.3880483987258
"23393",3,78.443777312856
"23394",3,39.7137325495688
"23395",3,64.5078981356327
"23396",3,31.5606657199278
"23397",3,24.5250588401192
"23398",3,43.095634496873
"23399",3,52.356625282956
"23400",3,35.217858431465
"23401",3,32.5582544102539
"23402",3,42.1353609058912
"23403",3,32.461531368918
"23404",3,35.2773837416588
"23405",3,49.1581611385674
"23406",3,30.5911613457655
"23407",3,60.7229757014217
"23408",3,61.1680485524723
"23409",3,24.0856790352085
"23410",3,41.1243277771236
"23411",3,37.2541258081729
"23412",3,73.9950144712322
"23413",3,53.8010483444342
"23414",3,42.1105945566213
"23415",3,33.878427065738
"23416",3,38.4674717890506
"23417",3,40.3479884853873
"23418",3,57.7112973611612
"23419",3,41.7494044032462
"23420",3,39.921630540012
"23421",3,72.6497744948735
"23422",3,41.7537737639104
"23423",3,19.2449198058742
"23424",3,43.0724555730749
"23425",3,85.3059973736918
"23426",3,50.8518115646249
"23427",3,46.8494079665842
"23428",3,60.6830127729981
"23429",3,36.0999068121626
"23430",3,47.4543032327217
"23431",3,34.3840970073247
"23432",3,50.498131156204
"23433",3,52.0403079768193
"23434",3,71.8443486052642
"23435",3,41.9392770921629
"23436",3,35.5722697832617
"23437",3,69.2622409474745
"23438",3,50.2786622275563
"23439",3,33.2519889539856
"23440",3,55.397000225793
"23611",3,47.5845556302845
"23612",3,25.7069801024584
"23613",3,57.6308794759169
"23614",3,44.3803813732707
"23615",3,65.8986744968506
"23616",3,44.6984128308822
"23617",3,30.7822441250196
"23618",3,34.5594081198118
"23619",3,67.1179123346426
"23620",3,43.1207449358232
"23621",3,32.6247333110918
"23622",3,71.2198122919562
"23623",3,34.8815216043485
"23624",3,41.8263437880494
"23625",3,43.5814890158676
"23626",3,43.8246953761782
"23627",3,39.2312010817252
"23628",3,46.3355002527354
"23629",3,52.5272545256677
"23630",3,31.1899989930101
"23631",3,43.2659162630286
"23632",3,56.4362384286805
"23633",3,46.0206152293693
"23634",3,36.6777536878419
"23635",3,33.3153671012996
"23636",3,70.1068591847659
"23637",3,48.6321090830898
"23638",3,39.6881810768153
"23639",3,28.9794963174091
"23640",3,29.5667980281148
"23641",3,58.387984351658
"23642",3,56.9223580874712
"23643",3,29.2583338515458
"23644",3,45.2849638878049
"23645",3,47.9624571997554
"23646",3,63.4615223888341
"23647",3,40.6338243663724
"23648",3,48.141366755537
"23649",3,63.9144338743366
"23650",3,38.1739455763046
"23651",3,54.7092797033786
"23652",3,79.7735913554084
"23653",3,41.5204323909848
"23654",3,43.8810431501021
"23655",3,32.7099242548367
"23656",3,41.3496300925846
"23657",3,42.3464349180994
"23658",3,42.4978144023536
"23659",3,32.9488998175242
"23660",3,32.2181728644226
"23661",3,63.9796851934338
"23662",3,22.3957325266495
"23663",3,39.4965468519135
"23664",3,32.6794499546136
"23665",3,18.996636244427
"23666",3,50.3310889831532
"23667",3,50.6190555209986
"23668",3,54.7691511930019
"23669",3,56.0165701085828
"23670",3,56.1083986873873
"23671",3,56.4222391293469
"23672",3,58.9299321174309
"23673",3,38.6059842619702
"23674",3,28.1878347218218
"23675",3,58.1615501962571
"23676",3,45.1892910051601
"23677",3,33.0335077092453
"23678",3,46.8876341830816
"23679",3,47.8270583808817
"23680",3,42.3494283565263
"23681",3,73.6649464323379
"23682",3,48.1811289768789
"23683",3,31.8535791783934
"23684",3,52.4575301402844
"23685",3,37.7298839358027
"23686",3,29.421864544792
"23687",3,31.2413991114693
"23688",3,44.0227840325586
"23689",3,25.9713315016802
"23690",3,35.7337879846815
"23691",3,45.5411584441751
"23692",3,35.6105034539381
"23693",3,82.2350355387708
"23694",3,51.7028089013661
"23695",3,29.1271698798326
"23696",3,31.9528933451789
"23697",3,48.6701037193961
"23698",3,41.6331178179104
"23699",3,50.1121135975763
"23700",3,37.2776540060938
"23701",3,13.4009634545524
"23702",3,32.085220886018
"23703",3,24.6231652267815
"23704",3,42.5742922717763
"23705",3,63.2590885123539
"23706",3,36.5503658480835
"23707",3,40.4742091591806
"23708",3,31.5296650089131
"23709",3,50.2169341773774
"23710",3,43.0171067982207
"23711",3,44.4594527105629
"23712",3,37.8921375621617
"23713",3,32.462983238407
"23714",3,75.7985296870094
"23715",3,54.631740665922
"23716",3,33.7070114052755
"23717",3,32.4900738952359
"23718",3,65.93209064651
"23719",3,54.9862946084292
"23720",3,29.4581298331092
"23721",3,33.302714814845
"23722",3,33.2073223817247
"23723",3,46.6247094567047
"23724",3,43.4562767576359
"23725",3,34.1160644610293
"23726",3,45.5492115839891
"23727",3,28.1490045735858
"23728",3,48.8251449429579
"23729",3,51.4208542191842
"23730",3,55.261162255239
"23731",3,51.4847887337526
"23732",3,47.4894934578763
"23733",3,52.6871471093044
"23734",3,28.6893900570859
"23735",3,43.9898069411672
"23736",3,74.3657721767701
"23737",3,48.2274699581136
"23738",3,27.5444747426691
"23739",3,37.5860054562069
"23740",3,64.4001955939782
"23741",3,36.6970241608603
"23742",3,61.8093988746865
"23743",3,37.2954258980155
"23744",3,49.9059965482554
"23745",3,43.9793906726686
"23746",3,37.7900739292076
"23747",3,33.2087154360414
"23748",3,34.7061519399913
"23749",3,37.652569383235
"23750",3,32.5676886575847
"23751",3,53.8411698073551
"23752",3,41.9215372601894
"23753",3,62.3622149723622
"23754",3,44.8356292833808
"23755",3,28.733850630935
"23756",3,45.5451970311705
"23757",3,38.9227076312377
"23758",3,51.2823241265375
"23759",3,65.8581560706984
"23760",3,31.9001254199125
"23761",3,34.8535210985387
"23762",3,31.6766159750445
"23763",3,57.4047815793793
"23764",3,50.7869234160752
"23765",3,78.7472904531147
"23766",3,58.3283651357643
"23767",3,52.2969860596317
"23768",3,44.9083131847388
"23769",3,68.4609700229808
"23770",3,64.6368184459502
"23771",3,41.6071741184773
"23772",3,19.8361191480844
"23773",3,26.6854452054357
"23774",3,29.6145046316038
"23775",3,40.0024582883855
"23776",3,56.356681912322
"23777",3,44.8376577916391
"23778",3,25.800544491744
"23779",3,45.5411002721733
"23780",3,53.962597974874
"23781",3,39.5951025935381
"23782",3,47.9041033480124
"23783",3,50.0349314264516
"23784",3,32.1604628684246
"23785",3,41.5098467646413
"23786",3,28.3058738319086
"23787",3,43.5100290477404
"23788",3,41.6322955453482
"23789",3,40.7681728721888
"23790",3,61.1410993353652
"23791",3,79.3493430211246
"23792",3,41.6722265119911
"23793",3,46.078203876796
"23794",3,61.3607364481927
"23795",3,30.5691084980008
"23796",3,35.7074416738627
"23797",3,34.6598382321929
"23798",3,34.8068006466312
"23799",3,54.7084608790593
"23800",3,36.928518835101
"23801",3,26.7835792638976
"23802",3,35.6860511418667
"23803",3,72.9183872791854
"23804",3,52.5401527315404
"23805",3,25.0951375491483
"23806",3,40.9239084326012
"23807",3,38.5842542066041
"23808",3,50.3224405485211
"23809",3,39.8649689122391
"23810",3,29.7888650029935
"23811",3,47.33926769135
"23812",3,70.9358948550664
"23813",3,45.251980570017
"23814",3,58.5863269157759
"23815",3,45.6155480292007
"23816",3,34.079298130908
"23817",3,29.4940699242742
"23818",3,22.5997650211332
"23819",3,53.6364048470039
"23820",3,76.7352609519877
"23821",3,48.5381162281748
"23822",3,55.9813587421606
"23823",3,77.4139176540904
"23824",3,49.9284351565334
"23825",3,39.0435151037788
"23826",3,79.0455088026394
"23827",3,24.7775627511826
"23828",3,53.940834117662
"23829",3,36.0185081332312
"23830",3,34.0148005911086
"23831",3,36.1308567141087
"23832",3,36.5205794577101
"23833",3,39.5430479756149
"23834",3,49.082502086709
"23835",3,40.412760178094
"23836",3,36.3071764432857
"23837",3,47.7129415205219
"23838",3,16.5015199607633
"23839",3,29.1431540055466
"23840",3,48.2831490253651
"23841",3,36.1010109501593
"23842",3,44.0407639876437
"23843",3,36.4281512050136
"23844",3,47.030565539498
"23845",3,68.4383312389964
"23846",3,30.3550511209997
"23847",3,31.578869564612
"23848",3,26.8908033956082
"23849",3,30.8021443581169
"23850",3,55.9763079673255
"23851",3,52.9221601602487
"23852",3,42.1347815516456
"23853",3,56.3002958697147
"23854",3,34.2740840945348
"23855",3,36.3573186584426
"23856",3,32.3397946810855
"23857",3,34.4676850090155
"23858",3,56.8016801609738
"23859",3,54.3013670287385
"23860",3,37.8252720283557
"23861",3,43.405612581257
"23862",3,77.6235401629756
"23863",3,35.0651462390726
"23864",3,49.0743084643798
"23865",3,56.1917750825116
"23951",3,32.9950106293035
"23952",3,19.1869240492797
"23953",3,34.86319808428
"23954",3,55.6399634808027
"23955",3,42.8366817053189
"23956",3,25.0217896331266
"23957",3,60.5131236865595
"23958",3,21.8179004451863
"23959",3,33.7129879854385
"23960",3,56.3032010142377
"23961",3,15.4449737460217
"23962",3,51.9438626635449
"23963",3,54.5622916336574
"23964",3,55.7977325769819
"23965",3,38.2652002648047
"23966",3,43.8521125068432
"23967",3,41.1108852421683
"23968",3,40.7262568188554
"23969",3,63.897698365083
"23970",3,64.6972573527139
"23971",3,60.9132688280121
"23972",3,28.1450909252631
"23973",3,26.3649353371997
"23974",3,39.817343239102
"23975",3,41.1572701163402
"23976",3,68.3658044076362
"23977",3,45.351097072003
"23978",3,54.1941637575177
"23979",3,63.9636646792477
"23980",3,24.9463476079075
"23981",3,45.2262019730634
"23982",3,47.4646462571438
"23983",3,47.9244321708481
"23984",3,37.3818161843452
"23985",3,39.5016675139647
"23986",3,29.8095418173965
"23987",3,48.7068587714347
"23988",3,48.2593724917545
"23989",3,33.6299722426445
"23990",3,54.2897906185546
"23991",3,38.2759986449663
"23992",3,49.1923513936173
"23993",3,47.8227361595912
"23994",3,59.9743809499877
"23995",3,43.8206010974439
"23996",3,34.6649345794483
"23997",3,35.0420283720834
"23998",3,64.2077348373312
"23999",3,52.5308512123408
"24000",3,32.5978920311088
"24001",3,64.5654619232304
"24002",3,42.4075583412136
"24003",3,31.6682917891013
"24004",3,29.6318496404884
"24005",3,67.735558892119
"24006",3,78.7148007202696
"24007",3,23.8224912749435
"24008",3,47.8019821401152
"24009",3,57.7507686550073
"24010",3,47.0467943908119
"24011",3,54.7837928754294
"24012",3,56.3000572617914
"24013",3,61.491352409729
"24014",3,31.7750652694194
"24015",3,66.8526019624079
"24016",3,53.1290428154967
"24017",3,36.5455337585469
"24018",3,59.6299424379771
"24019",3,36.1463775945772
"24020",3,33.7573776879177
"24021",3,42.8712613522642
"24022",3,39.6796552283005
"24023",3,72.6839986108702
"24024",3,57.5323361937374
"24025",3,70.3232376388972
"24026",3,63.15091884331
"24027",3,34.6615968310364
"24028",3,37.9470394775294
"24029",3,26.8819166890392
"24030",3,48.0506327944167
"24031",3,48.3000170050438
"24032",3,56.4291406389506
"24033",3,30.8328583550983
"24034",3,28.5596182414521
"24035",3,36.6255113079662
"806",4,44.667553648834
"807",4,84.7298278578474
"808",4,49.7906426838419
"809",4,43.5220743520892
"810",4,19.0675650597281
"811",4,27.1338876864861
"812",4,44.6389124569287
"813",4,48.7390356527828
"814",4,49.7990721560958
"815",4,58.5492350445327
"816",4,43.0319212809761
"817",4,65.5184639860336
"818",4,33.9327626104558
"819",4,30.7641524693945
"820",4,30.5459659177656
"821",4,57.2124929909792
"822",4,44.5656022240718
"823",4,58.0117787475149
"824",4,42.0390952191374
"825",4,37.8611120258241
"826",4,40.7077588116828
"827",4,24.4490809427475
"828",4,31.1796571962488
"829",4,28.3498519429244
"830",4,62.6086952325723
"831",4,37.7937290275707
"832",4,58.0057261762231
"833",4,71.2621566506664
"834",4,43.0642960244991
"835",4,49.9052079981124
"836",4,25.374335641623
"837",4,35.1247443699761
"838",4,46.5394963964077
"839",4,50.1361475741607
"840",4,35.825474141699
"841",4,96.9268150378036
"842",4,39.5430461229829
"843",4,46.6553028808836
"844",4,55.6794432867124
"845",4,45.3653466472397
"846",4,37.2243311958604
"847",4,62.4478097508673
"848",4,73.2230008509806
"849",4,45.3133772424442
"850",4,54.2564815158122
"851",4,44.3635595920508
"852",4,61.9350258770189
"853",4,31.3245246151867
"854",4,88.3214913382689
"855",4,37.7169965150113
"856",4,28.1816322510797
"857",4,40.9361509220792
"858",4,47.8569274489692
"859",4,73.3845560928939
"860",4,60.0901156861964
"861",4,47.794455405312
"862",4,28.8803656021005
"863",4,34.5720048078657
"864",4,43.4536108007208
"865",4,93.7440549466269
"866",4,24.3807593727779
"867",4,63.9899585698427
"868",4,38.669041780511
"869",4,74.2363418599246
"870",4,31.5080047316176
"871",4,47.8115710921744
"872",4,31.9398597744485
"873",4,59.9568301223664
"874",4,70.622989629747
"875",4,80.1455465629383
"876",4,58.1434458540514
"877",4,77.8772978057405
"878",4,66.1078378497912
"879",4,43.8857913208556
"880",4,52.8962813040954
"881",4,33.3587048942204
"882",4,43.1538850483101
"883",4,65.6361808157807
"884",4,53.9192868821951
"885",4,52.5857481512964
"886",4,32.6173965603234
"887",4,37.7048560097332
"888",4,35.7634979245486
"889",4,51.6151091197502
"890",4,33.1499600256861
"891",4,54.2528423704768
"892",4,31.7556369262954
"893",4,77.56987073978
"894",4,52.6366875172257
"895",4,36.5257889522365
"896",4,49.2589168427452
"897",4,40.9160003945122
"898",4,51.2409668987511
"899",4,49.2962721756428
"900",4,32.8851811134994
"901",4,35.4468956430371
"902",4,50.1438565654469
"903",4,73.6939530483943
"904",4,63.1514391761898
"905",4,37.4575445103172
"906",4,58.6244185886014
"907",4,45.0471742485777
"908",4,50.170026541051
"909",4,49.5496061824159
"910",4,94.2800712228626
"911",4,31.0114360350673
"912",4,47.186987092651
"913",4,25.1083307376761
"914",4,54.7018162666131
"915",4,63.3672050630525
"916",4,69.8833959066294
"917",4,23.8037365829415
"918",4,51.8870725035724
"919",4,72.7807033355453
"920",4,40.1139827192397
"3681",4,36.8162648214863
"3682",4,32.9775306142726
"3683",4,33.2350924763659
"3684",4,70.3322629701133
"3685",4,49.402814070992
"3686",4,39.9067116626007
"3687",4,26.9991193518283
"3688",4,48.5391913660896
"3689",4,39.0473166295265
"3690",4,44.524120202312
"3691",4,42.8552687666481
"3692",4,57.7794734635327
"3693",4,44.7654009200805
"3694",4,43.2521912829061
"3695",4,89.5155121589905
"3696",4,63.1979463752282
"3697",4,47.6119355345932
"3698",4,36.1624342849904
"3699",4,64.8664604300475
"3700",4,33.805529831014
"3701",4,45.0542703456905
"3702",4,59.0798292128477
"3703",4,40.1489634379332
"3704",4,40.7227001262897
"3705",4,52.3178099416018
"3706",4,47.7505801575547
"3707",4,42.2865985673918
"3708",4,42.8250747362302
"3709",4,49.4070489347297
"3710",4,52.7334552720647
"3711",4,67.0006364854489
"3712",4,40.0465562776773
"3713",4,67.4216102952384
"3714",4,28.1181282362291
"3715",4,37.2057300322763
"3716",4,29.2539614277161
"3717",4,50.2938298386126
"3718",4,52.0133672483079
"3719",4,29.1195277352498
"3720",4,46.419271781163
"3721",4,34.020386785485
"3722",4,53.1625092233319
"3723",4,27.2346661423892
"3724",4,59.2878832938961
"3725",4,45.1057545882832
"3726",4,32.6417297622068
"3727",4,44.5655719263759
"3728",4,42.0663956961857
"3729",4,40.7586521037633
"3730",4,27.7992459692175
"3731",4,37.9440292744872
"3732",4,43.3160861126445
"3733",4,27.9388116096396
"3734",4,50.1859730697815
"3735",4,68.4911815284089
"3736",4,57.8812048546152
"3737",4,35.361672294706
"3738",4,37.0617283960933
"3739",4,39.4496657563366
"3740",4,54.9624190601151
"3741",4,45.1746558397076
"3742",4,33.6641570045838
"3743",4,27.6548929334175
"3744",4,54.2086590416456
"3745",4,32.5526084279864
"3746",4,53.2128231645815
"3747",4,46.7828705625422
"3748",4,56.869724153224
"3749",4,63.3233130129131
"3750",4,28.538206485748
"3751",4,62.038729096092
"3752",4,56.3059460706756
"3753",4,41.5095739312139
"3754",4,45.4540987217964
"3755",4,53.0761541620644
"3756",4,55.8553806739066
"3757",4,25.7180446318552
"3758",4,70.1387821471232
"3759",4,28.6936673756414
"3760",4,22.4584685124336
"3761",4,60.8395491787686
"3762",4,27.6587555835317
"3763",4,42.6250704771241
"3764",4,29.3194086958026
"3765",4,24.9747169830973
"3766",4,39.7517679155644
"3767",4,55.635478843648
"3768",4,50.3923522407064
"3769",4,37.2377252921357
"3770",4,45.5106752578778
"3771",4,44.3457101644872
"3772",4,45.4006386438184
"3773",4,39.7013701586475
"3774",4,51.0835520766325
"3775",4,32.1246794572008
"3776",4,51.3394621080748
"3777",4,41.0874425706999
"3778",4,41.137600053309
"3779",4,56.6041162963668
"3780",4,39.9389326980341
"3781",4,33.2080145533436
"3782",4,30.8217409330728
"3783",4,55.9958392053023
"3784",4,20.4052153800515
"3785",4,40.0764913770727
"3786",4,48.3699163692663
"3787",4,29.0282614685465
"3788",4,45.8336484552949
"3789",4,56.0157347967184
"3790",4,24.7033637286004
"3791",4,34.3269718591036
"3792",4,76.1980918209389
"3793",4,37.0891020234659
"3794",4,33.4254287297947
"3795",4,34.668617108658
"7016",4,33.947992113382
"7017",4,70.5413398069259
"7018",4,36.0826677704764
"7019",4,49.9729362550177
"7020",4,24.3755381316476
"7021",4,37.2226836296244
"7022",4,90.6409628295951
"7023",4,47.0496121404086
"7024",4,58.4630788344515
"7025",4,53.9490997901299
"7026",4,28.5743657942766
"7027",4,59.1959492527305
"7028",4,32.8005150726056
"7029",4,56.7218851804629
"7030",4,30.794282453174
"7031",4,45.2870193318372
"7032",4,53.7428208490685
"7033",4,41.2630699344135
"7034",4,43.7086017899105
"7035",4,54.4287829172335
"7036",4,56.8439475372873
"7037",4,71.2895561105041
"7038",4,100.386844732905
"7039",4,44.1506244557607
"7040",4,67.6630772235547
"7041",4,56.3861246641032
"7042",4,46.7376512975135
"7043",4,44.9871156726646
"7044",4,33.0814588371382
"7045",4,61.4857129089206
"7046",4,62.3006095920918
"7047",4,38.9883338876068
"7048",4,30.8408017188291
"7049",4,46.1669568671789
"7050",4,63.7364808701534
"7051",4,75.7550752915523
"7052",4,38.3014141575805
"7053",4,44.0474761609627
"7054",4,75.1944114538553
"7055",4,40.2571463534292
"7056",4,32.9281024837866
"7057",4,50.8964310711072
"7058",4,89.6284180755974
"7059",4,35.911701918393
"7060",4,39.3552821679776
"7061",4,44.2735062616027
"7062",4,46.5807705900934
"7063",4,40.4404380498181
"7064",4,52.9172025693403
"7065",4,37.071207099483
"7066",4,43.8474622611502
"7067",4,56.1100300308175
"7068",4,47.6396590125918
"7069",4,56.3389354835146
"7070",4,28.8685709828486
"7071",4,34.9892160571238
"7072",4,43.5700244450363
"7073",4,27.0448776541426
"7074",4,48.5048098189535
"7075",4,60.269227572285
"7076",4,43.8942897779345
"7077",4,26.4119659896984
"7078",4,42.3045488974209
"7079",4,29.7995605958996
"7080",4,42.0708314524613
"7081",4,28.7655909857496
"7082",4,22.7847079594061
"7083",4,59.0660069999047
"7084",4,49.540100299729
"7085",4,31.2378507774478
"7086",4,28.6515690859931
"7087",4,30.5532013008673
"7088",4,38.5479199496958
"7089",4,65.2755048370076
"7090",4,51.3707948186166
"7091",4,33.5239112867858
"7092",4,61.2525886497552
"7093",4,28.8620587336283
"7094",4,74.4670359647584
"7095",4,42.270076791314
"7096",4,69.6270653831847
"7097",4,32.8553376744907
"7098",4,45.3029709818691
"7099",4,38.8814984389305
"7100",4,50.7746578709005
"7101",4,33.3774638109064
"7102",4,30.59041445498
"7103",4,33.6113563833367
"7104",4,76.2726924306283
"7105",4,49.2456274249434
"7106",4,62.1501004941691
"7107",4,35.7913890720776
"7108",4,44.1697402072954
"7109",4,44.4377871690409
"7110",4,41.93256263835
"7111",4,43.7917752507622
"7112",4,50.0868741488632
"7113",4,35.4339457243744
"7114",4,57.6822546285667
"7115",4,76.8777876371545
"7116",4,44.880193366716
"7117",4,53.5770110021613
"7118",4,48.8013454168514
"7119",4,45.2124607388989
"7120",4,52.437084642015
"7121",4,44.9237879368573
"7122",4,34.532613126036
"7123",4,44.4820109585541
"7124",4,65.5623695634817
"7125",4,54.3800494294242
"7126",4,51.6164143687986
"7127",4,44.1353002953569
"7128",4,54.1058577388367
"7129",4,22.8969952253168
"7130",4,44.7645682096913
"7476",4,55.0467019941902
"7477",4,51.1338833395147
"7478",4,62.0879802963471
"7479",4,32.1075072936027
"7480",4,64.2748430336027
"7481",4,45.8591791009646
"7482",4,28.3351238938043
"7483",4,37.9074342300837
"7484",4,40.7430971097897
"7485",4,71.3238708917025
"7486",4,23.1731516625901
"7487",4,40.9887403833619
"7488",4,33.4390759353908
"7489",4,49.6889656690156
"7490",4,45.9938424668569
"7491",4,62.6313728306738
"7492",4,61.4859868489091
"7493",4,56.718220771857
"7494",4,76.8869271529486
"7495",4,32.1358469991335
"7496",4,39.1077959306168
"7497",4,61.0209526511242
"7498",4,37.9706910826078
"7499",4,30.3319670828547
"7500",4,50.9149610646817
"7501",4,58.4290984481621
"7502",4,38.8022829070326
"7503",4,17.7278718834367
"7504",4,31.968288971559
"7505",4,30.2663179737858
"7506",4,37.3022364914684
"7507",4,40.4135611688934
"7508",4,61.5454591152496
"7509",4,28.5409745505156
"7510",4,37.6246148848072
"7511",4,36.0711709852595
"7512",4,69.5632314148844
"7513",4,27.8562537825968
"7514",4,27.324181295544
"7515",4,62.3453772885146
"7516",4,46.2222694886347
"7517",4,37.977791583742
"7518",4,36.2804382828276
"7519",4,18.4992449269183
"7520",4,49.7137049711984
"7521",4,43.7462340721362
"7522",4,63.4989753142395
"7523",4,39.3169038797825
"7524",4,61.8038888323501
"7525",4,49.4304793905484
"7526",4,57.1916264332084
"7527",4,24.9620313308474
"7528",4,61.4976796814187
"7529",4,57.8964042531071
"7530",4,67.3630883960912
"7531",4,44.9460210918362
"7532",4,32.1012248399749
"7533",4,43.7464857204302
"7534",4,57.4210622063388
"7535",4,59.5777540817075
"7536",4,67.6667926292752
"7537",4,44.7972301310144
"7538",4,72.4871381734658
"7539",4,35.4811797850992
"7540",4,17.8187351920645
"7541",4,49.0754661539055
"7542",4,45.2316896640591
"7543",4,29.758589015235
"7544",4,47.7273157714502
"7545",4,30.4707120469127
"7546",4,34.9284225518321
"7547",4,68.9906704493899
"7548",4,15.2797362194246
"7549",4,50.4525110189175
"7550",4,39.5626900101218
"7551",4,37.4872087684467
"7552",4,47.6206584561442
"7553",4,39.2327904867852
"7554",4,38.5847374447891
"7555",4,28.9018335407826
"7556",4,72.8972763716698
"7557",4,59.9890924746398
"7558",4,30.1286522479327
"7559",4,41.4278665900616
"7560",4,55.837104150509
"7561",4,38.2157742953497
"7562",4,46.3761745488747
"7563",4,47.422659639886
"7564",4,73.5236424966359
"7565",4,35.521652317205
"7566",4,57.6265567049003
"7567",4,37.8421552391236
"7568",4,41.9217329147676
"7569",4,45.0299619599139
"7570",4,50.3353296889746
"7571",4,47.2754161795604
"7572",4,39.2490564255249
"7573",4,45.5538956675432
"7574",4,49.4406987480219
"7575",4,51.9694605846085
"7576",4,29.3699211009931
"7577",4,42.6692950512024
"7578",4,77.0101428098342
"7579",4,38.1554807081099
"7580",4,46.4788026186753
"7581",4,61.5684712082757
"7582",4,30.6421080497188
"7583",4,29.6009931464854
"7584",4,64.7027769782631
"7585",4,55.3276155354122
"7586",4,31.8814654509851
"7587",4,70.5051346372401
"7588",4,61.7845203189891
"7589",4,75.9364963335774
"7590",4,30.7516523511944
"11271",4,36.1477124292791
"11272",4,55.7309012110011
"11273",4,44.1798470731851
"11274",4,61.574824266175
"11275",4,40.1176243693317
"11276",4,40.5956334668982
"11277",4,43.9362010388413
"11278",4,31.5649798734069
"11279",4,69.2891281478084
"11280",4,74.9593225623079
"11281",4,38.279235103762
"11282",4,50.9665746880454
"11283",4,49.0179001961834
"11284",4,43.606999016351
"11285",4,50.7370120948734
"11286",4,50.4299494357085
"11287",4,39.0946552804028
"11288",4,43.544932287077
"11289",4,54.3151055918868
"11290",4,52.90215197001
"11291",4,33.4921605310056
"11292",4,70.7710962342915
"11293",4,47.3120403487079
"11294",4,61.7570943434573
"11295",4,37.2972920905339
"11296",4,39.7879061096553
"11297",4,48.0884330813108
"11298",4,50.8674357960763
"11299",4,53.2189199136217
"11300",4,53.8924594540334
"11301",4,34.6942731055832
"11302",4,58.4086789725074
"11303",4,42.459304669508
"11304",4,50.6379436468457
"11305",4,23.4804236522304
"11306",4,46.8421802934119
"11307",4,46.002109103266
"11308",4,40.3002051126879
"11309",4,61.016659411486
"11310",4,39.7677688480268
"11311",4,68.9017183700892
"11312",4,40.4638040549087
"11313",4,46.2342225578013
"11314",4,37.9494836287862
"11315",4,55.1829385404525
"11316",4,56.3946203522873
"11317",4,51.3373346468898
"11318",4,35.7957251781887
"11319",4,33.4689185634989
"11320",4,45.9357728137817
"11321",4,37.0860768631353
"11322",4,38.5092341691773
"11323",4,63.5293502827378
"11324",4,54.6534220960812
"11325",4,78.2733008537884
"11326",4,55.2722120948315
"11327",4,45.2602013583464
"11328",4,29.9813995591483
"11329",4,59.1147438830222
"11330",4,34.9562141193022
"11331",4,67.2712054593307
"11332",4,82.548806168535
"11333",4,33.8132295144011
"11334",4,34.3005104863636
"11335",4,59.0675329004564
"11336",4,44.1076951993477
"11337",4,60.8027061615872
"11338",4,58.2447582018823
"11339",4,45.4677514965605
"11340",4,34.9864158645987
"11341",4,66.2979146029744
"11342",4,36.8520596146014
"11343",4,60.8709267681738
"11344",4,57.8931197936207
"11345",4,22.6202730663175
"11346",4,23.8601712557541
"11347",4,35.0026427035564
"11348",4,73.449800635142
"11349",4,38.7067009815539
"11350",4,42.240318594588
"11351",4,39.514506830244
"11352",4,18.0862199021128
"11353",4,67.5765966248722
"11354",4,59.1932515492695
"11355",4,49.2734610034467
"11356",4,30.0257570311877
"11357",4,67.9637275958273
"11358",4,55.5596303910002
"11359",4,55.2638250270389
"11360",4,58.2691402464073
"11361",4,47.3815517950921
"11362",4,55.8261821493483
"11363",4,47.0777120272915
"11364",4,63.3620312212168
"11365",4,55.2764242051429
"11366",4,55.9136831194479
"11367",4,56.751784396644
"11368",4,41.1483381177494
"11369",4,55.4527545845101
"11370",4,62.731890003706
"11371",4,51.6422682077878
"11372",4,33.7728052021408
"11373",4,38.5607690392633
"11374",4,37.2425807580032
"11375",4,60.1350070835085
"11376",4,51.8350345326485
"11377",4,39.1777826691487
"11378",4,64.3969292448107
"11379",4,50.9877509033388
"11380",4,48.7436325964022
"11381",4,44.7596709387871
"11382",4,26.3338030129621
"11383",4,98.7759228396073
"11384",4,37.0090397595702
"11385",4,43.495358628856
"15876",4,51.4223261151498
"15877",4,49.4652402941865
"15878",4,20.6914642429744
"15879",4,45.2820726680578
"15880",4,51.1253106644451
"15881",4,54.5822215534582
"15882",4,79.5883088376852
"15883",4,51.5614531957114
"15884",4,23.9554688138761
"15885",4,44.1125969683055
"15886",4,26.504692220289
"15887",4,76.8684620989694
"15888",4,80.3586027353058
"15889",4,57.7630651709842
"15890",4,33.8872379724642
"15891",4,36.9676222658195
"15892",4,64.1885817685279
"15893",4,31.5532917176783
"15894",4,50.1619216274609
"15895",4,47.8584069754696
"15896",4,67.9603406076504
"15897",4,35.2046177051728
"15898",4,39.0801708915564
"15899",4,59.1028933545929
"15900",4,33.4792747963347
"15901",4,43.3492122794233
"15902",4,48.6774277355724
"15903",4,33.4281863051877
"15904",4,31.0328321701043
"15905",4,67.8806709949405
"15906",4,43.4852128228807
"15907",4,44.4722748327977
"15908",4,76.7260723451447
"15909",4,37.7336167397079
"15910",4,66.728141746805
"15911",4,27.68735632709
"15912",4,48.0923229320457
"15913",4,34.0715676572043
"15914",4,29.3444253819976
"15915",4,49.472136464
"15916",4,64.120788631011
"15917",4,49.988929683402
"15918",4,35.3879539463793
"15919",4,32.452667579189
"15920",4,27.209544619143
"15921",4,52.4969721512485
"15922",4,41.4304678556056
"15923",4,51.0220493483602
"15924",4,74.403772676053
"15925",4,57.9909335311055
"15926",4,20.0399884968065
"15927",4,34.6477678088975
"15928",4,50.6116294458409
"15929",4,46.1013050261358
"15930",4,43.0074064468453
"15931",4,28.4123201921724
"15932",4,66.1980471795818
"15933",4,40.3972199238837
"15934",4,44.4861290636688
"15935",4,65.7968981123125
"15936",4,27.3085848282684
"15937",4,37.3483239366178
"15938",4,43.5094147886161
"15939",4,30.8657985809125
"15940",4,29.1000611591798
"15941",4,38.2230948186884
"15942",4,37.9020222431016
"15943",4,44.9484460534289
"15944",4,41.011168390853
"15945",4,48.3825296519837
"15946",4,70.0105093148457
"15947",4,76.2371701456405
"15948",4,34.3951041547092
"15949",4,36.055938595775
"15950",4,44.977826846864
"15951",4,71.9987447923427
"15952",4,55.2370787624819
"15953",4,45.5030701528918
"15954",4,34.9049543363338
"15955",4,73.907979140571
"15956",4,34.0703106497774
"15957",4,39.7185546950438
"15958",4,30.566723597784
"15959",4,46.6596051489732
"15960",4,82.9453756843107
"16216",4,61.3163183843688
"16217",4,60.4194077309271
"16218",4,49.5054558721717
"16219",4,66.7706254825292
"16220",4,71.9677109538768
"16221",4,82.4110416140146
"16222",4,62.5804145205968
"16223",4,71.714270027252
"16224",4,41.4873286988661
"16225",4,71.4572455073721
"16226",4,33.1638088020633
"16227",4,77.1626650945556
"16228",4,40.5778382181002
"16229",4,30.189736183334
"16230",4,34.2185891514204
"16231",4,43.891972598158
"16232",4,24.6088147233985
"16233",4,56.8427168453523
"16234",4,66.0217624074222
"16235",4,26.461655263785
"16236",4,77.0142312882417
"16237",4,71.8058596444473
"16238",4,41.0311472415091
"16239",4,52.4337082605005
"16240",4,34.1176382914236
"16241",4,38.9390043144822
"16242",4,50.0893322010209
"16243",4,60.7338376011539
"16244",4,36.672150047624
"16245",4,42.3648889617276
"16246",4,54.7112621450498
"16247",4,50.3086076565147
"16248",4,43.2869280366676
"16249",4,38.6217791565102
"16250",4,34.2407246072814
"16251",4,33.4365264665882
"16252",4,54.8928844878383
"16253",4,50.5835614635529
"16254",4,33.6082911703619
"16255",4,68.6233596757786
"16256",4,17.5395791721469
"16257",4,40.1059626635828
"16258",4,48.1042197326264
"16259",4,21.0966752813367
"16260",4,67.1683644070225
"16261",4,38.479914594883
"16262",4,64.102045231359
"16263",4,39.1609118545214
"16264",4,27.2626252584336
"16265",4,56.1233339703906
"16266",4,41.5763782668792
"16267",4,44.5898648452712
"16268",4,41.6853028454739
"16269",4,43.8719160252975
"16270",4,37.2794499732978
"16271",4,39.4533387802665
"16272",4,40.440864942221
"16273",4,61.8841123109943
"16274",4,29.2663706786325
"16275",4,56.7086152225668
"16276",4,44.6095149584778
"16277",4,57.6968740125458
"16278",4,45.697095303072
"16279",4,23.4169135028197
"16280",4,26.648904218695
"16281",4,33.2351057385676
"16282",4,45.4721835657208
"16283",4,46.5403460735886
"16284",4,40.7355748711908
"16285",4,40.509172549935
"16286",4,48.8023558691825
"16287",4,29.8988882788938
"16288",4,38.2986992477694
"16289",4,30.8596227143516
"16290",4,68.7261125832912
"16291",4,22.6192330847139
"16292",4,23.1493507302828
"16293",4,26.1946358292688
"16294",4,44.5391011877872
"16295",4,45.3301473955271
"16296",4,39.0614890042465
"16297",4,38.1277123353138
"16298",4,54.957752906251
"16299",4,29.7368602710999
"16300",4,44.7031965988222
"17916",4,40.0001200362245
"17917",4,69.6649668426038
"17918",4,51.5084098183999
"17919",4,35.3238283441614
"17920",4,45.6298961470573
"17921",4,43.3472163446746
"17922",4,65.3322035249229
"17923",4,35.9226206696489
"17924",4,49.7955955069321
"17925",4,41.9766473336159
"17926",4,50.6628456380662
"17927",4,66.710528147605
"17928",4,58.5985298698488
"17929",4,76.0222800537084
"17930",4,30.7106040315445
"17931",4,27.4088342659865
"17932",4,49.5536085591859
"17933",4,47.3017992012868
"17934",4,67.7225147690464
"17935",4,32.8869812112134
"17936",4,47.2370548827157
"17937",4,53.2759974009186
"17938",4,39.8906951664641
"17939",4,26.8281413735681
"17940",4,37.938738162707
"17941",4,52.1753725238208
"17942",4,61.8712303803833
"17943",4,33.6437540583714
"17944",4,55.3962064431422
"17945",4,49.9187967054258
"17946",4,59.2287724802678
"17947",4,44.6094854185199
"17948",4,96.6848171704614
"17949",4,47.3325282109012
"17950",4,65.1151451933027
"17951",4,32.9049438809396
"17952",4,56.1745965230225
"17953",4,42.383317859393
"17954",4,48.3695572694358
"17955",4,41.1572345927626
"17956",4,36.1564285510927
"17957",4,47.9998391793198
"17958",4,33.4240950435516
"17959",4,36.451370826045
"17960",4,47.9032420120976
"17961",4,48.1787627747271
"17962",4,28.1826400513115
"17963",4,29.6044558055219
"17964",4,28.1274462475672
"17965",4,64.8932255490224
"17966",4,28.1988353119729
"17967",4,56.2149229740284
"17968",4,48.9389915198039
"17969",4,72.5648116399996
"17970",4,43.9114364707709
"17971",4,27.9287042872095
"17972",4,53.1154305252673
"17973",4,76.0981201088466
"17974",4,45.1441123143246
"17975",4,52.3244764026864
"17976",4,36.8410308501865
"17977",4,25.1066040397434
"17978",4,21.3673516684972
"17979",4,59.7605622258874
"17980",4,68.4578191800463
"17981",4,38.7447484168882
"17982",4,42.2508834224345
"17983",4,40.457615557537
"17984",4,53.0889182959785
"17985",4,82.8336283304394
"17986",4,74.4794641586947
"17987",4,74.6666404886854
"17988",4,43.9494308587537
"17989",4,72.0779191745098
"17990",4,33.758226012694
"17991",4,38.4135351284347
"17992",4,37.3876869705563
"17993",4,46.5546795784053
"17994",4,69.7368574588883
"17995",4,38.7814828795345
"17996",4,60.7841341663154
"17997",4,59.7258820136294
"17998",4,35.1332922020208
"17999",4,25.3522310512745
"18000",4,49.8195090832108
"19531",4,23.1783502415678
"19532",4,27.7885095372265
"19533",4,56.9662143231485
"19534",4,53.3939383217034
"19535",4,39.4809724941407
"19536",4,30.2590222135276
"19537",4,41.9977151949128
"19538",4,31.5682062605563
"19539",4,41.1770225361602
"19540",4,17.2670230317655
"19541",4,72.056977530186
"19542",4,48.226083024357
"19543",4,75.589647990681
"19544",4,53.6754383847174
"19545",4,36.2859943275228
"19546",4,36.9368710056917
"19547",4,53.0728428960527
"19548",4,53.7389135774441
"19549",4,62.3868728193132
"19550",4,22.7371835860423
"19551",4,61.0015774595549
"19552",4,33.2303036210839
"19553",4,27.5827840114004
"19554",4,59.6890986192619
"19555",4,49.3659379149339
"19556",4,45.488062444235
"19557",4,48.2602744923114
"19558",4,21.8086721916969
"19559",4,41.1743682575125
"19560",4,48.0177676026946
"19561",4,64.8714782926218
"19562",4,33.5998054122594
"19563",4,46.4558137856205
"19564",4,31.8279364777564
"19565",4,42.5327659533262
"19566",4,60.1859443919326
"19567",4,71.1607597164505
"19568",4,22.1246082569931
"19569",4,38.3681801221707
"19570",4,78.3542119882513
"19571",4,34.1087139616851
"19572",4,50.6124602147764
"19573",4,36.1261935972825
"19574",4,30.9254629028881
"19575",4,45.1749573960382
"19576",4,44.0127493786272
"19577",4,66.4243573396214
"19578",4,34.5882149317368
"19579",4,56.4823649610861
"19580",4,32.2705362452226
"19581",4,40.1943182271867
"19582",4,45.2785078227849
"19583",4,29.369088791182
"19584",4,49.5847589637719
"19585",4,70.2815593118019
"19586",4,41.552543398181
"19587",4,63.6045133616581
"19588",4,49.2238971308261
"19589",4,34.0528130597872
"19590",4,72.8809136001614
"19591",4,42.1946905393417
"19592",4,41.2381922156597
"19593",4,57.163630568943
"19594",4,47.2299505969568
"19595",4,45.5862865013801
"19596",4,61.2986198217656
"19597",4,54.3494848757663
"19598",4,70.8955559360697
"19599",4,43.6827810184467
"19600",4,55.4320705171079
"19601",4,47.1610297940621
"19602",4,49.6130463742779
"19603",4,41.0331469050836
"19604",4,79.1416157920906
"19605",4,32.9756380477495
"19606",4,43.3511501909959
"19607",4,31.6644263980423
"19608",4,32.578196418316
"19609",4,31.9443434237209
"19610",4,37.7137633613907
"19611",4,40.0412400633865
"19612",4,33.9244462663644
"19613",4,35.9666221024869
"19614",4,41.8017207945702
"19615",4,33.3229884612261
"19956",4,48.2752411141202
"19957",4,45.8988882744405
"19958",4,43.8800563072504
"19959",4,37.1072757823275
"19960",4,30.6177100213078
"19961",4,33.411170641592
"19962",4,21.5511879305324
"19963",4,51.3415354808078
"19964",4,58.1028821710046
"19965",4,31.6561848748426
"19966",4,56.2015346409665
"19967",4,35.2727492526463
"19968",4,41.4653344284515
"19969",4,39.5925283520705
"19970",4,18.2123076253911
"19971",4,52.7924831693338
"19972",4,44.0514548326558
"19973",4,50.4508426144315
"19974",4,90.9822627319792
"19975",4,47.8906974393455
"19976",4,82.1325228395646
"19977",4,52.2250612452162
"19978",4,59.7097535280656
"19979",4,34.6790616180041
"19980",4,53.8435340151804
"19981",4,36.3667739901529
"19982",4,37.2336249591743
"19983",4,39.5459963638949
"19984",4,47.8758477957138
"19985",4,38.0539457670437
"19986",4,37.353107617008
"19987",4,67.8419256431871
"19988",4,41.6260149245756
"19989",4,28.8944691586299
"19990",4,30.6253462788722
"19991",4,31.1416064538182
"19992",4,54.1561831803506
"19993",4,49.2202716881015
"19994",4,30.1379151186525
"19995",4,40.4603100485494
"19996",4,44.7783736592935
"19997",4,59.983487199461
"19998",4,78.6629183409271
"19999",4,60.408933475708
"20000",4,34.9183035677578
"20001",4,42.6733551259922
"20002",4,22.2704868106201
"20003",4,26.1520936760463
"20004",4,31.9572469009129
"20005",4,26.172751730714
"20006",4,45.0340550268279
"20007",4,72.1049627856482
"20008",4,40.235589742188
"20009",4,57.9477073435024
"20010",4,57.1594949817889
"20011",4,62.3017491988903
"20012",4,31.5675561594867
"20013",4,30.7975267182543
"20014",4,74.2911603723617
"20015",4,71.6484453724685
"20016",4,44.3702287290446
"20017",4,47.652319307073
"20018",4,38.6815546424118
"20019",4,30.173811424611
"20020",4,57.9346259135601
"20021",4,27.8850204288434
"20022",4,39.9791064443813
"20023",4,29.1112689915202
"20024",4,58.33257583627
"20025",4,24.3990755583244
"20026",4,32.5514623610377
"20027",4,47.7309001834643
"20028",4,58.2678915068952
"20029",4,23.6654040231403
"20030",4,73.9093271675501
"20031",4,68.1657046103436
"20032",4,58.5749403263102
"20033",4,50.3872734805604
"20034",4,41.0161780763998
"20035",4,46.2983404000932
"20036",4,38.6004712208556
"20037",4,43.5478103210003
"20038",4,66.2605881220126
"20039",4,39.0499287837301
"20040",4,36.6848821816163
"20721",4,44.1879062146606
"20722",4,64.1099566660702
"20723",4,53.3725241755307
"20724",4,34.369419173518
"20725",4,38.0877288736079
"20726",4,53.601617895658
"20727",4,73.465996040907
"20728",4,34.1698438883992
"20729",4,61.475554986382
"20730",4,57.5246420752126
"20731",4,55.1632362640348
"20732",4,57.0630495632595
"20733",4,49.173042946944
"20734",4,64.4787019306292
"20735",4,54.7016273802187
"20736",4,59.4693757664907
"20737",4,30.4765486627955
"20738",4,38.5839752818239
"20739",4,32.8337680334295
"20740",4,57.0493438017568
"20741",4,44.534213537995
"20742",4,71.6658905772266
"20743",4,37.4610737252851
"20744",4,49.9708449374861
"20745",4,40.2862422026346
"20746",4,54.6655563250318
"20747",4,49.5271416116714
"20748",4,34.9211715046591
"20749",4,59.1136462354981
"20750",4,35.4916029522749
"20751",4,58.3425481169716
"20752",4,61.3061694613359
"20753",4,63.9908134227196
"20754",4,48.512776807481
"20755",4,63.5080465742562
"20756",4,39.7254262214854
"20757",4,48.3732563866822
"20758",4,63.2104285378236
"20759",4,42.5152869872689
"20760",4,60.2157748265072
"20761",4,77.8918518725938
"20762",4,42.2669742334864
"20763",4,46.284362121514
"20764",4,60.7055529518165
"20765",4,40.2080175453455
"20766",4,45.3859848319341
"20767",4,48.3403687202025
"20768",4,56.8380755003624
"20769",4,46.0548238554479
"20770",4,44.1199218552955
"20771",4,25.25392435915
"20772",4,38.5344316584179
"20773",4,61.4849276559356
"20774",4,49.5694930726037
"20775",4,48.6876721556713
"20776",4,44.6495925192598
"20777",4,19.9900894661552
"20778",4,38.4222527976437
"20779",4,38.9032175528683
"20780",4,48.52422543373
"20781",4,69.2724327136232
"20782",4,24.3020108207819
"20783",4,55.0484918440139
"20784",4,35.6945622760125
"20785",4,38.7791463180841
"20786",4,59.0618080005626
"20787",4,47.2497927732763
"20788",4,38.6916223258454
"20789",4,30.5498679371848
"20790",4,59.1872777260554
"20791",4,34.4849702695143
"20792",4,43.3467102980677
"20793",4,45.5274959578398
"20794",4,60.3278718907328
"20795",4,36.7265409598987
"20796",4,37.5326542832171
"20797",4,66.5083239541362
"20798",4,29.5632194790134
"20799",4,70.7107022602213
"20800",4,33.6154746359863
"20801",4,58.1191690800253
"20802",4,40.9114284991341
"20803",4,46.427935341491
"20804",4,50.339243153203
"20805",4,67.7362589749866
"22166",4,33.5830736141129
"22167",4,46.1088829662049
"22168",4,55.5294546034039
"22169",4,44.3613593398426
"22170",4,52.4712808673529
"22171",4,44.4024523566311
"22172",4,36.2736408951821
"22173",4,63.1050339837984
"22174",4,49.5666025807594
"22175",4,45.5671484664534
"22176",4,63.9421464564818
"22177",4,44.6690651722342
"22178",4,30.8986574806318
"22179",4,71.427155620285
"22180",4,40.3546678347576
"22181",4,23.3705502840859
"22182",4,46.2366986852934
"22183",4,33.9639905251125
"22184",4,56.8775758100082
"22185",4,45.100649858851
"22186",4,41.899637630434
"22187",4,39.5768277212475
"22188",4,51.5981823033657
"22189",4,38.0298386447178
"22190",4,57.9061088364209
"22191",4,36.7754002940459
"22192",4,33.1678605729187
"22193",4,38.625303320558
"22194",4,43.7934406800091
"22195",4,21.3220968907464
"22196",4,32.8986099436514
"22197",4,57.3669488784379
"22198",4,26.0555338927785
"22199",4,47.0927597758605
"22200",4,41.1250697118161
"22201",4,70.1645672853564
"22202",4,45.6291118021048
"22203",4,77.1193588393483
"22204",4,40.130921384772
"22205",4,61.9586612260376
"22206",4,33.2856244626479
"22207",4,60.1472122057665
"22208",4,36.263224339405
"22209",4,47.1493521298678
"22210",4,48.8057193079075
"22211",4,45.835431825008
"22212",4,48.14317269053
"22213",4,43.8042683769022
"22214",4,52.331294722721
"22215",4,34.4781250029367
"22216",4,83.367288960687
"22217",4,38.5864989841247
"22218",4,33.4064208104574
"22219",4,27.0107554603863
"22220",4,70.5943675458406
"22221",4,34.9146705155494
"22222",4,19.9437342172281
"22223",4,53.1365628951331
"22224",4,28.7095530564137
"22225",4,44.6350154535294
"22226",4,38.545753382992
"22227",4,33.8226224338313
"22228",4,41.156676721443
"22229",4,42.7984870223498
"22230",4,35.805004169223
"22231",4,18.9055653742763
"22232",4,65.2063725496566
"22233",4,53.2940545184185
"22234",4,40.3729811206245
"22235",4,66.057024969544
"22236",4,39.2220320962878
"22237",4,28.8167583512766
"22238",4,44.0724218356448
"22239",4,52.0428830787815
"22240",4,54.6468497138671
"22241",4,56.3360067805544
"22242",4,39.6523943525208
"22243",4,42.6100329206437
"22244",4,58.9029019452155
"22245",4,34.0450166685311
"22246",4,65.4125028986293
"22247",4,48.6038022943745
"22248",4,57.4780561910343
"22249",4,50.5781263116765
"22250",4,30.2908100645458
"23526",4,30.774454808937
"23527",4,31.2637337167014
"23528",4,29.0297643167114
"23529",4,44.7130428672779
"23530",4,45.6037562298732
"23531",4,47.8452318106648
"23532",4,43.6459651846982
"23533",4,22.4963700801685
"23534",4,46.4561812183046
"23535",4,67.6576859786068
"23536",4,56.3674736269724
"23537",4,36.9251065346104
"23538",4,37.0713699918275
"23539",4,63.1980224253503
"23540",4,30.0771894799686
"23541",4,76.0149844932851
"23542",4,30.0776724763084
"23543",4,38.9763150076624
"23544",4,30.6796477771102
"23545",4,27.0755175098458
"23546",4,43.0732261770308
"23547",4,49.2781177938726
"23548",4,32.9251058994948
"23549",4,79.2888577046814
"23550",4,77.9918244843204
"23551",4,39.199914160809
"23552",4,50.7359888399721
"23553",4,61.5988636751021
"23554",4,30.6865780005183
"23555",4,57.7015342900879
"23556",4,34.93476492304
"23557",4,26.4534208398307
"23558",4,51.0560088753371
"23559",4,60.4802159963351
"23560",4,73.5580022874264
"23561",4,60.1980883300906
"23562",4,76.5638970773946
"23563",4,16.3482745268393
"23564",4,71.5867358893127
"23565",4,64.5490618804924
"23566",4,39.8495212934433
"23567",4,58.6101103194345
"23568",4,43.3361393411311
"23569",4,45.1409667036096
"23570",4,57.3513581790857
"23571",4,38.5058654591398
"23572",4,55.2270974740181
"23573",4,31.5421027901018
"23574",4,61.6214215177611
"23575",4,76.0800614171443
"23576",4,46.8218927547339
"23577",4,46.776814659292
"23578",4,36.3222444847818
"23579",4,65.4360951155619
"23580",4,32.3068446207184
"23581",4,44.9797276217057
"23582",4,43.190865409287
"23583",4,59.9507161388366
"23584",4,40.9891644505962
"23585",4,46.7270220186221
"23586",4,31.269574832684
"23587",4,43.6749625246274
"23588",4,36.6489423008553
"23589",4,40.1551912822883
"23590",4,42.5191150517388
"23591",4,59.1305145353922
"23592",4,54.2128955713617
"23593",4,41.9416341663778
"23594",4,29.6968925829556
"23595",4,45.9213329346136
"23596",4,56.8847668139232
"23597",4,50.6818726107534
"23598",4,62.5727093908202
"23599",4,48.4240054879434
"23600",4,40.393248362427
"23601",4,49.2071273004969
"23602",4,28.9654502361718
"23603",4,27.265007443616
"23604",4,52.3944710563693
"23605",4,62.5572261246909
"23606",4,33.7866583000235
"23607",4,57.6355321043446
"23608",4,49.5982361873444
"23609",4,42.7434907114195
"23610",4,77.1286391417299
"23866",4,34.5568594387486
"23867",4,45.3383692534762
"23868",4,53.4918473622884
"23869",4,27.523928815796
"23870",4,53.2552415023703
"23871",4,69.3680354759993
"23872",4,35.0067535673133
"23873",4,48.1799283513124
"23874",4,52.0286226565306
"23875",4,72.9326013262295
"23876",4,55.8148817277238
"23877",4,64.7180943688611
"23878",4,57.7928305787604
"23879",4,71.4878716962002
"23880",4,37.7180163087689
"23881",4,93.1097452515037
"23882",4,65.3986074984766
"23883",4,40.8398593427133
"23884",4,57.5806855119558
"23885",4,55.3749705420494
"23886",4,40.0688316872518
"23887",4,56.6604707579514
"23888",4,34.4158346872462
"23889",4,53.8420004964404
"23890",4,40.4869913705417
"23891",4,57.7206004150476
"23892",4,54.3115564346124
"23893",4,35.6155213119711
"23894",4,29.870124714228
"23895",4,30.6400162649098
"23896",4,58.3036474103098
"23897",4,43.5425353957554
"23898",4,61.3282726023442
"23899",4,40.0201649455122
"23900",4,61.3853063960128
"23901",4,44.8562883621985
"23902",4,49.771181541109
"23903",4,34.3505590678516
"23904",4,30.0461714091833
"23905",4,79.2019938565301
"23906",4,65.6164030377709
"23907",4,67.5002150340885
"23908",4,32.2103791618466
"23909",4,36.4371436527223
"23910",4,25.9797048931816
"23911",4,67.2444243820789
"23912",4,46.8236686530613
"23913",4,36.2561802392667
"23914",4,59.426127960866
"23915",4,36.231734985541
"23916",4,52.746413526216
"23917",4,32.3168808303046
"23918",4,47.6415559389464
"23919",4,70.8566960079184
"23920",4,27.7040950334645
"23921",4,56.7664179943726
"23922",4,80.8164620708382
"23923",4,64.2824880210794
"23924",4,59.0950678336792
"23925",4,34.8988734506543
"23926",4,36.43429426085
"23927",4,63.2384649452104
"23928",4,64.7768793007373
"23929",4,37.0880306883338
"23930",4,40.1576638976433
"23931",4,56.207357731928
"23932",4,35.7487657226907
"23933",4,86.3469355758813
"23934",4,38.6490359427709
"23935",4,38.8545626434172
"23936",4,37.5969350448113
"23937",4,40.3007434914904
"23938",4,64.5049716361268
"23939",4,82.3426309350364
"23940",4,46.8517924822017
"23941",4,24.9939246179461
"23942",4,59.0002641854858
"23943",4,71.1922155335374
"23944",4,65.1971733251792
"23945",4,31.5520197705142
"23946",4,33.866853021868
"23947",4,40.9534552693064
"23948",4,36.6992608441102
"23949",4,31.332730415484
"23950",4,37.7739364145057
